 NAME             THETA4         THETA5         THETA6         THETA7         THETA8         THETA9         THETA10        THETA11        THETA12        THETA13        THETA14        THETA15        THETA16        SIGMA(1,1)     OMEGA(1,1)     OMEGA(2,2)     OMEGA(3,3)     OMEGA(4,4)     OMEGA(5,5)     
 THETA4           7.1735883E-06  6.1930679E-11  2.9569519E-08  6.4562518E-06 -1.9968966E-05  2.2240648E-06  3.6389888E-06  9.0658999E-06  6.5673190E-05  1.5780617E-04 -1.0060501E-06  3.8459077E-06  9.9223395E-05 -3.2425344E-09 -3.2455435E-06 -7.0303446E-06  1.8446122E-06  4.9188419E-06  2.0853328E-06
 THETA5           6.1930679E-11  1.1488393E-15 -1.9779147E-12 -4.6882681E-10  6.3139393E-10  3.6355144E-10  2.1897164E-10  4.2896229E-10  1.1535014E-09  2.0964877E-09  1.6202462E-11  3.8420920E-11  8.4615302E-10  2.1613166E-14 -6.7464965E-11 -1.6654102E-10  4.6283408E-11  2.2750720E-10  4.9276650E-11
 THETA6           2.9569519E-08 -1.9779147E-12  3.1143245E-08  4.1489707E-06 -1.3598193E-06 -9.7974546E-08 -4.4324714E-08 -1.8429290E-07 -9.5130278E-07  1.4280251E-06 -7.7745684E-08  5.2832170E-08  1.2818630E-06 -8.9312609E-10  5.6915676E-07  3.7134014E-07 -1.4406670E-07 -8.8936328E-08  2.6669394E-08
 THETA7           6.4562518E-06 -4.6882681E-10  4.1489707E-06  4.0495669E-03  6.9480916E-04  1.1700489E-04  3.5997653E-04  5.0382914E-04  2.4427753E-06  2.4294854E-03 -4.5233370E-05 -5.4233378E-05 -2.8484344E-04 -1.5993579E-08  2.3024412E-05  6.1678858E-04 -9.9750658E-05 -1.8058539E-04  1.4548479E-04
 THETA8          -1.9968966E-05  6.3139393E-10 -1.3598193E-06  6.9480916E-04  3.7527725E-02  1.8639601E-03 -9.7581239E-04  1.5650973E-02  2.7547119E-03 -4.7362551E-03 -3.7736973E-05 -2.8006544E-05  4.0272601E-04 -3.2241366E-08  8.9132399E-05  6.0112330E-04 -8.8011797E-05 -6.5391081E-04  1.3709969E-04
 THETA9           2.2240648E-06  3.6355144E-10 -9.7974546E-08  1.1700489E-04  1.8639601E-03  2.5639187E-03  2.1278509E-04  8.9691198E-04  3.8399089E-03  9.8074862E-04  6.7146162E-06  2.6105631E-05  2.6551570E-04 -2.7742759E-08  8.2319421E-05 -1.3322443E-04  7.8146798E-05 -6.1877832E-04  1.0645602E-04
 THETA10          3.6389888E-06  2.1897164E-10 -4.4324714E-08  3.5997653E-04 -9.7581239E-04  2.1278509E-04  3.1197618E-03 -5.7961662E-04  6.2882554E-04  1.4865044E-02 -2.4818697E-05  6.2017597E-06  3.3015955E-04  1.1234586E-07  1.0050900E-04 -8.7754909E-05 -3.9619609E-05 -1.2469583E-05  2.5581809E-05
 THETA11          9.0658999E-06  4.2896229E-10 -1.8429290E-07  5.0382914E-04  1.5650973E-02  8.9691198E-04 -5.7961662E-04  1.4853221E-02  1.0693202E-03 -4.2462327E-03  7.2325741E-06 -5.5843056E-05 -1.8534573E-03 -5.0217550E-08  1.5508732E-04 -4.7030277E-05 -4.8054444E-05  1.4597223E-04  1.8888075E-05
 THETA12          6.5673190E-05  1.1535014E-09 -9.5130278E-07  2.4427753E-06  2.7547119E-03  3.8399089E-03  6.2882554E-04  1.0693202E-03  1.3327677E-02  2.1231296E-03  4.4335177E-05  1.0329803E-04 -1.9441190E-04 -5.7739824E-08  1.8675987E-04 -5.9184567E-04  2.7480544E-04 -1.4860266E-03  1.6342136E-04
 THETA13          1.5780617E-04  2.0964877E-09  1.4280251E-06  2.4294854E-03 -4.7362551E-03  9.8074862E-04  1.4865044E-02 -4.2462327E-03  2.1231296E-03  1.4588155E-01 -5.3712888E-05  6.6945454E-05  1.6034216E-03  3.1223938E-07  3.1324519E-04 -1.1454153E-03 -7.3323312E-05 -2.4970948E-03  3.5336599E-04
 THETA14         -1.0060501E-06  1.6202462E-11 -7.7745684E-08 -4.5233370E-05 -3.7736973E-05  6.7146162E-06 -2.4818697E-05  7.2325741E-06  4.4335177E-05 -5.3712888E-05  1.1892807E-05  1.3665817E-06 -2.4796268E-05 -2.4423197E-09 -2.0085585E-06 -1.6797833E-05 -1.1044331E-06  2.4722633E-05  1.4614201E-06
 THETA15          3.8459077E-06  3.8420920E-11  5.2832170E-08 -5.4233378E-05 -2.8006544E-05  2.6105631E-05  6.2017597E-06 -5.5843056E-05  1.0329803E-04  6.6945454E-05  1.3665817E-06  8.4926729E-05  1.4935928E-05 -6.7903848E-09  9.4265287E-06 -8.2240283E-06  3.9235786E-06 -5.5830068E-05 -4.5377430E-06
 THETA16          9.9223395E-05  8.4615302E-10  1.2818630E-06 -2.8484344E-04  4.0272601E-04  2.6551570E-04  3.3015955E-04 -1.8534573E-03 -1.9441190E-04  1.6034216E-03 -2.4796268E-05  1.4935928E-05  1.1333533E-02 -3.7517113E-07  1.2287401E-04  2.0214528E-04 -7.4094756E-05  2.9717685E-04 -6.4464139E-05
 SIGMA(1,1)      -3.2425344E-09  2.1613166E-14 -8.9312609E-10 -1.5993579E-08 -3.2241366E-08 -2.7742759E-08  1.1234586E-07 -5.0217550E-08 -5.7739824E-08  3.1223938E-07 -2.4423197E-09 -6.7903848E-09 -3.7517113E-07  1.4540508E-09 -4.9695089E-07 -7.0728474E-08 -2.0491150E-08 -1.2989475E-07 -1.4833971E-08
 OMEGA(1,1)      -3.2455435E-06 -6.7464965E-11  5.6915676E-07  2.3024412E-05  8.9132399E-05  8.2319421E-05  1.0050900E-04  1.5508732E-04  1.8675987E-04  3.1324519E-04 -2.0085585E-06  9.4265287E-06  1.2287401E-04 -4.9695089E-07  7.5007690E-04  7.0467818E-05  1.2477694E-06 -2.2326472E-05  2.0709915E-05
 OMEGA(2,2)      -7.0303446E-06 -1.6654102E-10  3.7134014E-07  6.1678858E-04  6.0112330E-04 -1.3322443E-04 -8.7754909E-05 -4.7030277E-05 -5.9184567E-04 -1.1454153E-03 -1.6797833E-05 -8.2240283E-06  2.0214528E-04 -7.0728474E-08  7.0467818E-05  1.8149109E-03 -3.0219964E-04  6.5813892E-04 -5.0193662E-05
 OMEGA(3,3)       1.8446122E-06  4.6283408E-11 -1.4406670E-07 -9.9750658E-05 -8.8011797E-05  7.8146798E-05 -3.9619609E-05 -4.8054444E-05  2.7480544E-04 -7.3323312E-05 -1.1044331E-06  3.9235786E-06 -7.4094756E-05 -2.0491150E-08  1.2477694E-06 -3.0219964E-04  1.3991070E-04 -4.2011564E-04  2.5416568E-05
 OMEGA(4,4)       4.9188419E-06  2.2750720E-10 -8.8936328E-08 -1.8058539E-04 -6.5391081E-04 -6.1877832E-04 -1.2469583E-05  1.4597223E-04 -1.4860266E-03 -2.4970948E-03  2.4722633E-05 -5.5830068E-05  2.9717685E-04 -1.2989475E-07 -2.2326472E-05  6.5813892E-04 -4.2011564E-04  4.9415702E-03 -2.2000493E-04
 OMEGA(5,5)       2.0853328E-06  4.9276650E-11  2.6669394E-08  1.4548479E-04  1.3709969E-04  1.0645602E-04  2.5581809E-05  1.8888075E-05  1.6342136E-04  3.5336599E-04  1.4614201E-06 -4.5377430E-06 -6.4464139E-05 -1.4833971E-08  2.0709915E-05 -5.0193662E-05  2.5416568E-05 -2.2000493E-04  1.7466017E-04
