 NAME             THETA4         THETA5         THETA6         THETA7         THETA8         THETA9         THETA10        THETA11        THETA12        THETA13        THETA14        THETA15        THETA16        SIGMA(1,1)     OMEGA(1,1)     OMEGA(2,2)     OMEGA(3,3)     OMEGA(4,4)     OMEGA(5,5)     
 THETA4           1.2192280E-01  7.2243262E+02 -5.6874927E-04 -3.9380874E-04  6.6463629E-04 -5.9442484E-04  1.2397055E-03  1.8002301E-03  7.6942212E-03  3.2962407E-02 -2.4047878E-04  5.7635640E-04  9.9597291E-03  5.4649885E-06 -8.7795922E-05 -1.9993991E-03  3.6798965E-04 -1.8511191E-04 -1.1317472E-03
 THETA5           7.2243262E+02  7.9688983E+06 -3.5392208E+01 -4.8473879E+01  4.5008605E+01  2.6506656E+01  2.1741782E+01  2.4856020E+01  1.0466779E+02  2.7449614E+02  2.1717347E+00  5.4798229E+00  4.9473874E+01  2.4182919E-01 -8.3674005E-01 -2.0187801E+01  5.1037366E+00 -9.5874044E-01 -1.0490696E+01
 THETA6          -5.6874927E-04 -3.5392208E+01  9.4154714E-04  8.2789746E-04  3.2261144E-04 -8.5349305E-06  4.8005143E-05  1.4553815E-04 -2.4327977E-04  4.9712606E-04 -3.4547488E-05  2.5642556E-06  1.7739837E-04 -2.9842882E-06  1.0823611E-05  6.0669870E-06 -2.5698486E-05  2.1288158E-05  3.3501021E-04
 THETA7          -3.9380874E-04 -4.8473879E+01  8.2789746E-04  3.7601798E-03  1.7376103E-03  1.8823600E-04  4.7275388E-04  7.4595839E-04 -2.2005315E-05  3.4509437E-03 -7.9591959E-05 -2.0365630E-05 -5.1636004E-04  6.9269018E-06 -1.3371970E-05  2.3802360E-04 -2.9322973E-05 -1.0908650E-04  9.2482299E-04
 THETA8           6.6463629E-04  4.5008605E+01  3.2261144E-04  1.7376103E-03  4.2523204E-02  1.0878065E-03  9.2046110E-04  1.4806180E-02  3.0973927E-03  1.1145402E-02 -2.6555826E-05  1.2766306E-04 -5.3146390E-04  1.4659171E-05 -2.3624955E-06  2.4075518E-04 -1.9193180E-04 -4.9219514E-05  2.2209503E-04
 THETA9          -5.9442484E-04  2.6506656E+01 -8.5349305E-06  1.8823600E-04  1.0878065E-03  2.5082495E-03  2.0550794E-04  4.8419253E-04  3.8235522E-03  7.5468875E-04  4.5903511E-07  4.8632956E-05  5.0927910E-05  3.3348830E-06  3.9935258E-06 -2.2551040E-04  7.1320047E-05 -2.6950396E-04  3.9929865E-04
 THETA10          1.2397055E-03  2.1741782E+01  4.8005143E-05  4.7275388E-04  9.2046110E-04  2.0550794E-04  3.1691125E-03 -1.2552784E-04  6.7812240E-04  2.0796811E-02 -6.1075603E-05  2.3796453E-05  1.8868399E-04  7.4077990E-06  4.5110141E-06 -2.0720003E-04 -1.3523867E-05 -1.4244697E-04  3.4803680E-04
 THETA11          1.8002301E-03  2.4856020E+01  1.4553815E-04  7.4595839E-04  1.4806180E-02  4.8419253E-04 -1.2552784E-04  9.7867658E-03  1.0068559E-03  1.3165302E-04  4.8746199E-05  4.2797867E-05 -1.3330717E-03  4.9217038E-06  2.1544591E-05 -4.0038172E-04 -2.7457907E-05 -3.1206112E-05 -6.7076896E-05
 THETA12          7.6942212E-03  1.0466779E+02 -2.4327977E-04 -2.2005315E-05  3.0973927E-03  3.8235522E-03  6.7812240E-04  1.0068559E-03  1.4214480E-02  4.1745233E-03  2.6011825E-05  1.7495357E-04 -7.2604990E-04 -1.2677474E-06  3.0751526E-05 -1.2304513E-03  3.6899333E-04 -8.0888648E-04  2.1454650E-04
 THETA13          3.2962407E-02  2.7449614E+02  4.9712606E-04  3.4509437E-03  1.1145402E-02  7.5468875E-04  2.0796811E-02  1.3165302E-04  4.1745233E-03  2.8449516E-01 -5.4087656E-05  1.6048928E-04  2.1103353E-03  6.2945533E-05  9.3531906E-05 -3.0428182E-03  5.8978990E-04 -4.2158333E-03  4.1481698E-03
 THETA14         -2.4047878E-04  2.1717347E+00 -3.4547488E-05 -7.9591959E-05 -2.6555826E-05  4.5903511E-07 -6.1075603E-05  4.8746199E-05  2.6011825E-05 -5.4087656E-05  4.5029371E-05  3.1706854E-06 -2.8883240E-05 -2.7259078E-07  1.1052289E-06 -3.8143596E-05 -8.6660714E-07  1.5803725E-05 -2.3855082E-05
 THETA15          5.7635640E-04  5.4798229E+00  2.5642556E-06 -2.0365630E-05  1.2766306E-04  4.8632956E-05  2.3796453E-05  4.2797867E-05  1.7495357E-04  1.6048928E-04  3.1706854E-06  9.6449748E-05 -5.2512558E-05  1.0294933E-06 -4.7487662E-07 -4.1025422E-05  3.1440026E-06 -1.1150633E-05 -1.6015912E-05
 THETA16          9.9597291E-03  4.9473874E+01  1.7739837E-04 -5.1636004E-04 -5.3146390E-04  5.0927910E-05  1.8868399E-04 -1.3330717E-03 -7.2604990E-04  2.1103353E-03 -2.8883240E-05 -5.2512558E-05  6.6541817E-03 -1.4685444E-05  1.3396160E-05  4.1016663E-04 -1.6381361E-04  4.2146239E-04 -6.9800910E-04
 SIGMA(1,1)       5.4649885E-06  2.4182919E-01 -2.9842882E-06  6.9269018E-06  1.4659171E-05  3.3348830E-06  7.4077990E-06  4.9217038E-06 -1.2677474E-06  6.2945533E-05 -2.7259078E-07  1.0294933E-06 -1.4685444E-05  1.4667373E-06 -2.1070682E-06 -5.2026173E-06 -6.6242110E-07 -4.5619511E-06  1.1204388E-06
 OMEGA(1,1)      -8.7795922E-05 -8.3674005E-01  1.0823611E-05 -1.3371970E-05 -2.3624955E-06  3.9935258E-06  4.5110141E-06  2.1544591E-05  3.0751526E-05  9.3531906E-05  1.1052289E-06 -4.7487662E-07  1.3396160E-05 -2.1070682E-06  1.3643990E-05  2.0304599E-05 -5.9258002E-07 -6.4847810E-07 -9.7777015E-06
 OMEGA(2,2)      -1.9993991E-03 -2.0187801E+01  6.0669870E-06  2.3802360E-04  2.4075518E-04 -2.2551040E-04 -2.0720003E-04 -4.0038172E-04 -1.2304513E-03 -3.0428182E-03 -3.8143596E-05 -4.1025422E-05  4.1016663E-04 -5.2026173E-06  2.0304599E-05  2.8946706E-03 -4.0060708E-04  6.0969370E-04 -5.7262401E-04
 OMEGA(3,3)       3.6798965E-04  5.1037366E+00 -2.5698486E-05 -2.9322973E-05 -1.9193180E-04  7.1320047E-05 -1.3523867E-05 -2.7457907E-05  3.6899333E-04  5.8978990E-04 -8.6660714E-07  3.1440026E-06 -1.6381361E-04 -6.6242110E-07 -5.9258002E-07 -4.0060708E-04  1.5578108E-04 -2.8288734E-04  1.4370339E-04
 OMEGA(4,4)      -1.8511191E-04 -9.5874044E-01  2.1288158E-05 -1.0908650E-04 -4.9219514E-05 -2.6950396E-04 -1.4244697E-04 -3.1206112E-05 -8.0888648E-04 -4.2158333E-03  1.5803725E-05 -1.1150633E-05  4.2146239E-04 -4.5619511E-06 -6.4847810E-07  6.0969370E-04 -2.8288734E-04  1.5635939E-03 -6.7351627E-04
 OMEGA(5,5)      -1.1317472E-03 -1.0490696E+01  3.3501021E-04  9.2482299E-04  2.2209503E-04  3.9929865E-04  3.4803680E-04 -6.7076896E-05  2.1454650E-04  4.1481698E-03 -2.3855082E-05 -1.6015912E-05 -6.9800910E-04  1.1204388E-06 -9.7777015E-06 -5.7262401E-04  1.4370339E-04 -6.7351627E-04  8.5388258E-03
