 NAME             THETA4         THETA5         THETA6         THETA7         THETA8         THETA9         THETA10        THETA11        THETA12        THETA13        THETA14        THETA15        THETA16        SIGMA(1,1)     OMEGA(1,1)     OMEGA(2,2)     OMEGA(3,3)     OMEGA(4,4)     OMEGA(5,5)     
 THETA4           1.0652137E-01  1.6941822E+00 -1.4720121E-03  1.0737674E-04  4.4784387E-04  4.1103852E-05 -7.1446383E-06  2.3322577E-03  7.8782948E-03  2.6380768E-02 -4.1250176E-04  5.7110117E-04  9.2354450E-03 -3.8729936E-06 -3.3386019E-05 -2.5345487E-04  3.0903223E-05  2.0426022E-05  4.0465956E-04
 THETA5           1.6941822E+00  6.2091573E+01 -4.1941390E-01 -1.6941507E-02  1.8717295E-01  7.8283289E-02  4.9238426E-02  9.6062310E-02  2.6972744E-01  8.1008772E-01  1.3529025E-02  1.1533963E-02  1.5752444E-01  5.0425913E-04  5.4129914E-05 -1.1828771E-02  8.4607439E-03  1.1067579E-02  8.3885509E-03
 THETA6          -1.4720121E-03 -4.1941390E-01  1.9174206E-02  5.6488175E-04 -6.9123140E-05 -2.9279377E-05  3.0257449E-04  3.1418703E-04 -5.2850306E-04  3.7129973E-03 -1.9495931E-04  1.6492374E-05 -1.7225881E-04 -1.6143755E-05  1.6171389E-05  8.0483307E-05 -1.1090682E-04  3.7555558E-06  9.2199164E-05
 THETA7           1.0737674E-04 -1.6941507E-02  5.6488175E-04  9.7412734E-05  1.6769269E-05  1.2818542E-05  5.8206349E-05  3.9691943E-05  2.8991483E-05  6.4946418E-04 -1.1881246E-05 -7.0574040E-06 -2.0345224E-05 -8.4616532E-07  1.7794720E-07  3.0540500E-05 -1.0986289E-05  8.3791906E-07  2.0120991E-05
 THETA8           4.4784387E-04  1.8717295E-01 -6.9123140E-05  1.6769269E-05  3.5277910E-02  1.2612410E-03  2.8782781E-05  1.2008548E-02  1.7842001E-03  8.5263031E-05 -1.0928942E-04 -7.0763529E-06 -3.4549603E-04  1.1954403E-05  2.2761091E-05  3.4215019E-05 -8.3706647E-06 -1.0458860E-04 -2.6768806E-06
 THETA9           4.1103852E-05  7.8283289E-02 -2.9279377E-05  1.2818542E-05  1.2612410E-03  2.5521641E-03  2.5991149E-04  5.5901276E-04  3.8402717E-03  1.2868641E-03 -7.4128014E-07  2.5963226E-05  1.0369191E-04  2.7393837E-06  1.0298256E-05 -5.3159166E-05  4.4294035E-05 -1.3567250E-04  4.2016042E-05
 THETA10         -7.1446383E-06  4.9238426E-02  3.0257449E-04  5.8206349E-05  2.8782781E-05  2.5991149E-04  2.9863079E-03 -2.8903473E-04  4.4769550E-04  2.0603127E-02 -8.0182838E-05  8.2183724E-06  2.3191555E-04  3.9879425E-06  7.5158488E-06  6.4683389E-06 -4.3073556E-05 -2.4804332E-05  2.4856491E-05
 THETA11          2.3322577E-03  9.6062310E-02  3.1418703E-04  3.9691943E-05  1.2008548E-02  5.5901276E-04 -2.8903473E-04  9.0366705E-03  9.1626968E-04 -2.7769343E-03  4.5431411E-06 -8.1489598E-06 -1.0724372E-03  6.1728034E-06  1.1472184E-05 -5.8974838E-05  2.0491059E-05 -3.6765395E-05 -6.1482691E-06
 THETA12          7.8782948E-03  2.6972744E-01 -5.2850306E-04  2.8991483E-05  1.7842001E-03  3.8402717E-03  4.4769550E-04  9.1626968E-04  1.3865867E-02  1.9705214E-03  1.6082207E-04  7.1630453E-05 -3.6389874E-04  8.2510913E-07  1.6681728E-05 -2.3143511E-04  1.8510733E-04 -4.4410783E-04  3.0482473E-05
 THETA13          2.6380768E-02  8.1008772E-01  3.7129973E-03  6.4946418E-04  8.5263031E-05  1.2868641E-03  2.0603127E-02 -2.7769343E-03  1.9705214E-03  2.9327409E-01 -1.9235355E-04  2.2372681E-04  2.6080377E-03  2.9244187E-05  3.6680693E-05 -6.9610236E-04  4.7156288E-05 -7.6722556E-04  7.0441716E-04
 THETA14         -4.1250176E-04  1.3529025E-02 -1.9495931E-04 -1.1881246E-05 -1.0928942E-04 -7.4128014E-07 -8.0182838E-05  4.5431411E-06  1.6082207E-04 -1.9235355E-04  1.7645058E-04  2.8471860E-06 -4.9636841E-05  4.9375547E-07 -2.3023883E-06 -1.1187021E-05 -1.1578565E-05  2.8823596E-05 -6.3309045E-07
 THETA15          5.7110117E-04  1.1533963E-02  1.6492374E-05 -7.0574040E-06 -7.0763529E-06  2.5963226E-05  8.2183724E-06 -8.1489598E-06  7.1630453E-05  2.2372681E-04  2.8471860E-06  8.0683806E-05  4.3787350E-07 -1.5721105E-07  1.6750052E-06  2.9083061E-06  1.3322437E-06 -6.5664123E-06 -1.2178073E-06
 THETA16          9.2354450E-03  1.5752444E-01 -1.7225881E-04 -2.0345224E-05 -3.4549603E-04  1.0369191E-04  2.3191555E-04 -1.0724372E-03 -3.6389874E-04  2.6080377E-03 -4.9636841E-05  4.3787350E-07  5.9417405E-03 -1.8446945E-07 -3.1475227E-06 -2.7793665E-05 -4.8706602E-05  8.8141685E-05  3.6099335E-05
 SIGMA(1,1)      -3.8729936E-06  5.0425913E-04 -1.6143755E-05 -8.4616532E-07  1.1954403E-05  2.7393837E-06  3.9879425E-06  6.1728034E-06  8.2510913E-07  2.9244187E-05  4.9375547E-07 -1.5721105E-07 -1.8446945E-07  1.6520046E-06 -2.3928908E-06 -2.0093573E-06 -4.4722536E-07 -3.1125752E-07 -1.8888844E-06
 OMEGA(1,1)      -3.3386019E-05  5.4129914E-05  1.6171389E-05  1.7794720E-07  2.2761091E-05  1.0298256E-05  7.5158488E-06  1.1472184E-05  1.6681728E-05  3.6680693E-05 -2.3023883E-06  1.6750052E-06 -3.1475227E-06 -2.3928908E-06  1.6395428E-05  6.5266553E-06  1.2848848E-06 -3.7970242E-06  3.3693642E-06
 OMEGA(2,2)      -2.5345487E-04 -1.1828771E-02  8.0483307E-05  3.0540500E-05  3.4215019E-05 -5.3159166E-05  6.4683389E-06 -5.8974838E-05 -2.3143511E-04 -6.9610236E-04 -1.1187021E-05  2.9083061E-06 -2.7793665E-05 -2.0093573E-06  6.5266553E-06  3.6229752E-04 -1.3814099E-04  7.9812960E-05 -1.7979894E-05
 OMEGA(3,3)       3.0903223E-05  8.4607439E-03 -1.1090682E-04 -1.0986289E-05 -8.3706647E-06  4.4294035E-05 -4.3073556E-05  2.0491059E-05  1.8510733E-04  4.7156288E-05 -1.1578565E-05  1.3322437E-06 -4.8706602E-05 -4.4722536E-07  1.2848848E-06 -1.3814099E-04  1.4280641E-04 -1.0725231E-04  1.8207023E-05
 OMEGA(4,4)       2.0426022E-05  1.1067579E-02  3.7555558E-06  8.3791906E-07 -1.0458860E-04 -1.3567250E-04 -2.4804332E-05 -3.6765395E-05 -4.4410783E-04 -7.6722556E-04  2.8823596E-05 -6.5664123E-06  8.8141685E-05 -3.1125752E-07 -3.7970242E-06  7.9812960E-05 -1.0725231E-04  3.2585389E-04 -3.8564380E-05
 OMEGA(5,5)       4.0465956E-04  8.3885509E-03  9.2199164E-05  2.0120991E-05 -2.6768806E-06  4.2016042E-05  2.4856491E-05 -6.1482691E-06  3.0482473E-05  7.0441716E-04 -6.3309045E-07 -1.2178073E-06  3.6099335E-05 -1.8888844E-06  3.3693642E-06 -1.7979894E-05  1.8207023E-05 -3.8564380E-05  1.5601738E-04
