 NAME             THETA4         THETA5         THETA6         THETA7         THETA8         THETA9         THETA10        THETA11        THETA12        THETA13        THETA14        SIGMA(1,1)     OMEGA(1,1)     OMEGA(2,2)     OMEGA(3,3)     OMEGA(4,4)     OMEGA(5,5)     
 THETA4           4.7873776E-04  5.1663018E-04 -8.2355961E-08  1.2146093E-05 -9.4976303E-04 -2.4666442E-04 -7.8494096E-05  1.4810327E-06  3.8606572E-05  1.6801223E-03  4.7859910E-04  1.7701890E-09  1.9659142E-06 -1.2239890E-04  3.6690934E-05 -8.8995960E-07  6.6996350E-04
 THETA5           5.1663018E-04  1.2321506E-03 -1.3918094E-06 -9.8045800E-05  8.0096136E-05 -1.1471675E-04  1.7280032E-04  1.1608675E-05  3.0503020E-05  8.1055350E-03  4.8324069E-04  7.8657342E-09  1.5768679E-06 -4.8343566E-04  1.7145069E-04  2.9172848E-06  2.3501764E-04
 THETA6          -8.2355961E-08 -1.3918094E-06  7.1526651E-09  3.5882687E-07 -1.9540909E-06  2.2758461E-07 -2.1087901E-07 -2.7008021E-08  1.6937434E-08 -6.9324911E-06  1.9363856E-07 -2.2558005E-11 -2.7661549E-08  1.7172320E-06 -4.2693776E-07 -1.1128395E-08  3.4234110E-06
 THETA7           1.2146093E-05 -9.8045800E-05  3.5882687E-07  1.1647184E-04 -9.5367574E-05 -4.1086395E-05  1.7810091E-05  1.3386692E-06 -4.6422568E-06  6.0578623E-04  3.2719108E-05  6.5485783E-10 -1.0835031E-06  3.5848169E-05  6.9582041E-07 -1.6931859E-06  3.8170003E-04
 THETA8          -9.4976303E-04  8.0096136E-05 -1.9540909E-06 -9.5367574E-05  3.3052601E-02  3.0558149E-04  2.0032385E-05  1.2976748E-06 -2.0342001E-04 -3.9837646E-02 -4.8632701E-04 -2.1022881E-08  2.3157685E-06 -2.5353848E-03  6.6517964E-04 -2.1441373E-06 -7.8198035E-04
 THETA9          -2.4666442E-04 -1.1471675E-04  2.2758461E-07 -4.1086395E-05  3.0558149E-04  1.4578462E-03  2.1372201E-04 -1.2704759E-05 -1.9145182E-05  6.8719904E-03 -1.1764675E-04 -8.3965170E-10 -8.2342612E-06  5.3779930E-04 -3.3422597E-06 -8.1754835E-07  8.9022489E-05
 THETA10         -7.8494096E-05  1.7280032E-04 -2.1087901E-07  1.7810091E-05  2.0032385E-05  2.1372201E-04  1.8923691E-03  5.0403055E-07 -3.6008410E-05  4.2799064E-02 -5.1180919E-05  4.0305119E-09 -6.4864451E-06  3.1487567E-04  9.0543614E-06 -1.1852355E-06  6.1825050E-04
 THETA11          1.4810327E-06  1.1608675E-05 -2.7008021E-08  1.3386692E-06  1.2976748E-06 -1.2704759E-05  5.0403055E-07  5.9036685E-06 -2.5400411E-07  2.9361076E-04  5.0636039E-06 -1.0905044E-10 -4.6487838E-07 -4.5542604E-05  4.4382867E-06  7.9667605E-08 -4.9886747E-05
 THETA12          3.8606572E-05  3.0503020E-05  1.6937434E-08 -4.6422568E-06 -2.0342001E-04 -1.9145182E-05 -3.6008410E-05 -2.5400411E-07  8.9378253E-05 -1.4585590E-03  3.7306227E-06  1.2445097E-09 -7.0893523E-07  4.9834117E-06  2.3495503E-05  6.9953001E-07 -9.8309421E-05
 THETA13          1.6801223E-03  8.1055350E-03 -6.9324911E-06  6.0578623E-04 -3.9837646E-02  6.8719904E-03  4.2799064E-02  2.9361076E-04 -1.4585590E-03  3.6434858E+00 -3.7726561E-03  4.6768591E-08 -7.5901390E-05 -2.7628638E-03  1.1273142E-03 -1.1796830E-04  3.7951798E-03
 THETA14          4.7859910E-04  4.8324069E-04  1.9363856E-07  3.2719108E-05 -4.8632701E-04 -1.1764675E-04 -5.1180919E-05  5.0636039E-06  3.7306227E-06 -3.7726561E-03  1.2875687E-03 -5.5217895E-09  1.0212779E-06 -6.7885547E-05  5.4445012E-05 -3.2805488E-06  1.0711502E-03
 SIGMA(1,1)       1.7701890E-09  7.8657342E-09 -2.2558005E-11  6.5485783E-10 -2.1022881E-08 -8.3965170E-10  4.0305119E-09 -1.0905044E-10  1.2445097E-09  4.6768591E-08 -5.5217895E-09  5.0324423E-12 -3.5847378E-09  2.3324898E-08  6.5606533E-09 -1.1801834E-10 -5.3192167E-08
 OMEGA(1,1)       1.9659142E-06  1.5768679E-06 -2.7661549E-08 -1.0835031E-06  2.3157685E-06 -8.2342612E-06 -6.4864451E-06 -4.6487838E-07 -7.0893523E-07 -7.5901390E-05  1.0212779E-06 -3.5847378E-09  1.2391067E-05 -3.0762243E-05  3.2785097E-06 -5.6858151E-08  4.8087599E-05
 OMEGA(2,2)      -1.2239890E-04 -4.8343566E-04  1.7172320E-06  3.5848169E-05 -2.5353848E-03  5.3779930E-04  3.1487567E-04 -4.5542604E-05  4.9834117E-06 -2.7628638E-03 -6.7885547E-05  2.3324898E-08 -3.0762243E-05  1.5593983E-02 -2.5085014E-03  2.3698447E-05  1.3599070E-03
 OMEGA(3,3)       3.6690934E-05  1.7145069E-04 -4.2693776E-07  6.9582041E-07  6.6517964E-04 -3.3422597E-06  9.0543614E-06  4.4382867E-06  2.3495503E-05  1.1273142E-03  5.4445012E-05  6.5606533E-09  3.2785097E-06 -2.5085014E-03  1.3819711E-03 -1.7835650E-05 -5.6982133E-04
 OMEGA(4,4)      -8.8995960E-07  2.9172848E-06 -1.1128395E-08 -1.6931859E-06 -2.1441373E-06 -8.1754835E-07 -1.1852355E-06  7.9667605E-08  6.9953001E-07 -1.1796830E-04 -3.2805488E-06 -1.1801834E-10 -5.6858151E-08  2.3698447E-05 -1.7835650E-05  1.1276942E-06 -3.9830141E-05
 OMEGA(5,5)       6.6996350E-04  2.3501764E-04  3.4234110E-06  3.8170003E-04 -7.8198035E-04  8.9022489E-05  6.1825050E-04 -4.9886747E-05 -9.8309421E-05  3.7951798E-03  1.0711502E-03 -5.3192167E-08  4.8087599E-05  1.3599070E-03 -5.6982133E-04 -3.9830141E-05  4.2763016E-02
