 NAME             THETA4         THETA5         THETA6         THETA7         THETA8         THETA9         THETA10        THETA11        THETA12        THETA13        THETA14        SIGMA(1,1)     OMEGA(1,1)     OMEGA(2,2)     OMEGA(3,3)     OMEGA(4,4)     OMEGA(5,5)     
 THETA4           1.6401707E-07  6.6600372E-12 -8.5498564E-09  7.3904138E-08 -2.0809692E-05 -3.3343874E-06 -1.8042482E-06 -2.4054434E-08  4.9161623E-07  7.7210009E-05  9.4144157E-06  1.3109789E-10 -9.4225328E-08  2.0454266E-07  1.6604695E-07 -2.6317195E-07  5.7856303E-07
 THETA5           6.6600372E-12  5.0151969E-16 -2.1424392E-12 -1.7666114E-11 -5.0433933E-10 -3.8100951E-11  4.4927003E-11  3.1803756E-12  1.4047973E-11  5.7648409E-09  3.7685668E-10  1.2215200E-14 -6.9464523E-12 -3.1315164E-11  2.4281259E-11  2.6415544E-11 -1.5827477E-12
 THETA6          -8.5498564E-09 -2.1424392E-12  5.1337602E-08  3.2544760E-07 -1.8274701E-06  4.4518839E-07 -1.0316820E-07 -1.2030535E-08  1.4036868E-07  1.1713833E-05  4.5344405E-07 -1.4648483E-10  2.3902940E-08  9.6548645E-07 -2.4582691E-07 -2.6664117E-07  7.1866579E-07
 THETA7           7.3904138E-08 -1.7666114E-11  3.2544760E-07  1.4612569E-05 -1.8456328E-05 -3.5290668E-06  6.4652937E-06  9.8730134E-07  2.3055301E-06  4.0822425E-04  1.5779824E-05 -1.9283406E-10  4.6280228E-08  6.5160555E-06  7.1340742E-07 -3.1061160E-06  9.7189195E-06
 THETA8          -2.0809692E-05 -5.0433933E-10 -1.8274701E-06 -1.8456328E-05  3.0136026E-02  3.9666843E-04  1.4386562E-04 -2.0590758E-06 -7.7487422E-05 -5.6945316E-02 -7.4571370E-04 -3.7132689E-08 -6.1542776E-06 -3.2491177E-04  2.4721475E-04 -4.8868335E-05 -2.3623313E-04
 THETA9          -3.3343874E-06 -3.8100951E-11  4.4518839E-07 -3.5290668E-06  3.9666843E-04  1.3547969E-03  2.3416102E-04 -8.7108066E-06  1.1152942E-05  6.0175027E-03 -1.0556107E-04 -7.7339062E-10 -5.7530612E-06  1.3271678E-04 -2.7871806E-05  1.6963663E-05  5.7194411E-05
 THETA10         -1.8042482E-06  4.4927003E-11 -1.0316820E-07  6.4652937E-06  1.4386562E-04  2.3416102E-04  1.8914471E-03  2.3670091E-06  2.2504489E-07  3.3509821E-02  5.0386874E-05  6.4619306E-09  7.1725933E-07  1.7327379E-04 -6.2890220E-07  2.9430585E-05  6.1366382E-05
 THETA11         -2.4054434E-08  3.1803756E-12 -1.2030535E-08  9.8730134E-07 -2.0590758E-06 -8.7108066E-06  2.3670091E-06  4.2659908E-06  5.7856253E-07  1.7859858E-04  4.6616331E-06  2.0710339E-10 -8.0813171E-07 -6.6712018E-06  3.2269416E-07  4.0942862E-07 -4.4078388E-06
 THETA12          4.9161623E-07  1.4047973E-11  1.4036868E-07  2.3055301E-06 -7.7487422E-05  1.1152942E-05  2.2504489E-07  5.7856253E-07  8.2615216E-05  5.4392795E-04  1.1404467E-05 -6.9631231E-10 -9.5780054E-07 -2.7023586E-06 -3.6405551E-06  3.1897546E-06  7.4209822E-06
 THETA13          7.7210009E-05  5.7648409E-09  1.1713833E-05  4.0822425E-04 -5.6945316E-02  6.0175027E-03  3.3509821E-02  1.7859858E-04  5.4392795E-04  2.8126836E+00  5.9403187E-03  4.5663363E-08  5.0819672E-05 -4.0917133E-04  1.1277222E-03 -6.7343489E-04  2.0646569E-03
 THETA14          9.4144157E-06  3.7685668E-10  4.5344405E-07  1.5779824E-05 -7.4571370E-04 -1.0556107E-04  5.0386874E-05  4.6616331E-06  1.1404467E-05  5.9403187E-03  1.3827353E-03  3.0922173E-11 -6.3240093E-06  2.3310807E-05  3.3292412E-05 -4.3747617E-05  8.0312054E-05
 SIGMA(1,1)       1.3109789E-10  1.2215200E-14 -1.4648483E-10 -1.9283406E-10 -3.7132689E-08 -7.7339062E-10  6.4619306E-09  2.0710339E-10 -6.9631231E-10  4.5663363E-08  3.0922173E-11  1.3929993E-11 -7.2974012E-09  2.2814727E-09  3.8778867E-09 -3.3587884E-09 -6.8181291E-09
 OMEGA(1,1)      -9.4225328E-08 -6.9464523E-12  2.3902940E-08  4.6280228E-08 -6.1542776E-06 -5.7530612E-06  7.1725933E-07 -8.0813171E-07 -9.5780054E-07  5.0819672E-05 -6.3240093E-06 -7.2974012E-09  1.3422045E-05  1.4847489E-06 -2.7678928E-07 -5.0632689E-07 -1.0595921E-06
 OMEGA(2,2)       2.0454266E-07 -3.1315164E-11  9.6548645E-07  6.5160555E-06 -3.2491177E-04  1.3271678E-04  1.7327379E-04 -6.6712018E-06 -2.7023586E-06 -4.0917133E-04  2.3310807E-05  2.2814727E-09  1.4847489E-06  1.1809511E-03 -2.3062075E-04  7.3483317E-05  6.4106589E-05
 OMEGA(3,3)       1.6604695E-07  2.4281259E-11 -2.4582691E-07  7.1340742E-07  2.4721475E-04 -2.7871806E-05 -6.2890220E-07  3.2269416E-07 -3.6405551E-06  1.1277222E-03  3.3292412E-05  3.8778867E-09 -2.7678928E-07 -2.3062075E-04  1.4073527E-04 -5.6253418E-05 -1.3661142E-05
 OMEGA(4,4)      -2.6317195E-07  2.6415544E-11 -2.6664117E-07 -3.1061160E-06 -4.8868335E-05  1.6963663E-05  2.9430585E-05  4.0942862E-07  3.1897546E-06 -6.7343489E-04 -4.3747617E-05 -3.3587884E-09 -5.0632689E-07  7.3483317E-05 -5.6253418E-05  1.2252550E-04 -2.6283735E-05
 OMEGA(5,5)       5.7856303E-07 -1.5827477E-12  7.1866579E-07  9.7189195E-06 -2.3623313E-04  5.7194411E-05  6.1366382E-05 -4.4078388E-06  7.4209822E-06  2.0646569E-03  8.0312054E-05 -6.8181291E-09 -1.0595921E-06  6.4106589E-05 -1.3661142E-05 -2.6283735E-05  6.8204723E-04
