 NAME             THETA4         THETA5         THETA6         THETA7         THETA8         THETA9         THETA10        THETA11        THETA12        THETA13        THETA14        SIGMA(1,1)     OMEGA(1,1)     OMEGA(2,2)     OMEGA(3,3)     OMEGA(4,4)     OMEGA(5,5)     
 THETA4           1.2721452E-01  1.9328860E+00 -5.5591686E-03  1.4902470E-04 -1.4079017E-02 -3.1951865E-03 -1.5724726E-03 -3.8289762E-04  2.8624113E-04  8.4555821E-03  7.4948813E-03  2.7866612E-06  9.0617857E-07  9.8306580E-05  1.3775183E-04  3.7188563E-05  3.4668300E-04
 THETA5           1.9328860E+00  5.4018385E+01 -3.7503198E-01 -1.3081192E-02 -7.5858540E-02 -1.9025223E-02  1.5374545E-02  6.1649987E-03  5.1172401E-03  2.3091265E-01  1.2306725E-01  1.0234685E-04 -1.1931114E-03 -6.0515480E-03  4.6994182E-03  1.8134328E-02  1.2452610E-03
 THETA6          -5.5591686E-03 -3.7503198E-01  1.7810204E-02  4.8236408E-04 -9.2235829E-04  1.4861930E-04 -2.6455975E-04 -6.0505541E-05 -2.8806024E-05 -1.3091234E-03 -1.5589327E-05 -8.3275893E-06  1.1462670E-06  2.0534540E-04  7.1256074E-06 -1.7753380E-04  1.0617918E-04
 THETA7           1.4902470E-04 -1.3081192E-02  4.8236408E-04  1.0258770E-04 -1.2533574E-04 -9.9613897E-06  2.4930780E-05  9.4550947E-06 -8.4829608E-07  9.5226832E-05  2.2280512E-05 -1.5547938E-07 -7.0455105E-07  8.1599686E-06  3.7767592E-06 -5.9282022E-06  1.6704861E-05
 THETA8          -1.4079017E-02 -7.5858540E-02 -9.2235829E-04 -1.2533574E-04  3.4702099E-02  5.2885104E-04  1.8119885E-04 -4.1520717E-05 -1.9794053E-05 -6.8914881E-03 -5.7897340E-04 -1.0829302E-05 -1.3463289E-05 -2.7730353E-04  2.2888674E-04  1.1520617E-05 -1.4914817E-04
 THETA9          -3.1951865E-03 -1.9025223E-02  1.4861930E-04 -9.9613897E-06  5.2885104E-04  1.2873351E-03  2.0394309E-04 -6.7804802E-05  1.7953676E-05  5.5558239E-04 -1.1760062E-04  3.3996569E-08 -4.7146119E-06  8.8144205E-05 -2.8891625E-05  5.1148806E-06  6.1852353E-06
 THETA10         -1.5724726E-03  1.5374545E-02 -2.6455975E-04  2.4930780E-05  1.8119885E-04  2.0394309E-04  1.8017765E-03  1.1200249E-05  1.3892767E-05  4.8514195E-03 -4.0058276E-05  1.9311965E-06 -1.0264295E-05  6.8836830E-05 -1.1251131E-05  4.4935891E-05  3.7387295E-06
 THETA11         -3.8289762E-04  6.1649987E-03 -6.0505541E-05  9.4550947E-06 -4.1520717E-05 -6.7804802E-05  1.1200249E-05  2.0775451E-04  4.8471212E-06  3.2557317E-06  4.4465754E-05 -8.2213989E-07 -3.4365479E-06 -2.5058751E-05  1.1871985E-08 -1.7732102E-06 -9.8910460E-06
 THETA12          2.8624113E-04  5.1172401E-03 -2.8806024E-05 -8.4829608E-07 -1.9794053E-05  1.7953676E-05  1.3892767E-05  4.8471212E-06  8.4613563E-05  1.1623209E-04 -8.3535123E-06  3.6991132E-07 -1.7876637E-06  5.2338371E-06 -5.5215031E-06  1.1430314E-05  4.8203993E-07
 THETA13          8.4555821E-03  2.3091265E-01 -1.3091234E-03  9.5226832E-05 -6.8914881E-03  5.5558239E-04  4.8514195E-03  3.2557317E-06  1.1623209E-04  6.2335359E-02  1.8168164E-04 -9.5996180E-06  1.0754611E-05 -7.7750095E-05  6.9297713E-05 -8.4409976E-05  3.0421930E-05
 THETA14          7.4948813E-03  1.2306725E-01 -1.5589327E-05  2.2280512E-05 -5.7897340E-04 -1.1760062E-04 -4.0058276E-05  4.4465754E-05 -8.3535123E-06  1.8168164E-04  1.2812567E-03 -1.2849312E-06 -9.6295678E-07 -1.2891624E-05  1.9356610E-05 -1.9809313E-05  1.5426080E-05
 SIGMA(1,1)       2.7866612E-06  1.0234685E-04 -8.3275893E-06 -1.5547938E-07 -1.0829302E-05  3.3996569E-08  1.9311965E-06 -8.2213989E-07  3.6991132E-07 -9.5996180E-06 -1.2849312E-06  1.5862464E-06 -2.4487091E-06  1.9603331E-07  5.2380141E-07 -2.5762305E-07 -9.0178674E-07
 OMEGA(1,1)       9.0617857E-07 -1.1931114E-03  1.1462670E-06 -7.0455105E-07 -1.3463289E-05 -4.7146119E-06 -1.0264295E-05 -3.4365479E-06 -1.7876637E-06  1.0754611E-05 -9.6295678E-07 -2.4487091E-06  1.4383656E-05 -1.9689781E-06  8.3030345E-07 -4.7677622E-06 -1.8092357E-06
 OMEGA(2,2)       9.8306580E-05 -6.0515480E-03  2.0534540E-04  8.1599686E-06 -2.7730353E-04  8.8144205E-05  6.8836830E-05 -2.5058751E-05  5.2338371E-06 -7.7750095E-05 -1.2891624E-05  1.9603331E-07 -1.9689781E-06  3.8890529E-04 -1.3173647E-04  6.4079941E-05  1.2601548E-05
 OMEGA(3,3)       1.3775183E-04  4.6994182E-03  7.1256074E-06  3.7767592E-06  2.2888674E-04 -2.8891625E-05 -1.1251131E-05  1.1871985E-08 -5.5215031E-06  6.9297713E-05  1.9356610E-05  5.2380141E-07  8.3030345E-07 -1.3173647E-04  1.3303778E-04 -8.2629950E-05 -2.8617360E-06
 OMEGA(4,4)       3.7188563E-05  1.8134328E-02 -1.7753380E-04 -5.9282022E-06  1.1520617E-05  5.1148806E-06  4.4935891E-05 -1.7732102E-06  1.1430314E-05 -8.4409976E-05 -1.9809313E-05 -2.5762305E-07 -4.7677622E-06  6.4079941E-05 -8.2629950E-05  2.9562536E-04 -2.2498653E-05
 OMEGA(5,5)       3.4668300E-04  1.2452610E-03  1.0617918E-04  1.6704861E-05 -1.4914817E-04  6.1852353E-06  3.7387295E-06 -9.8910460E-06  4.8203993E-07  3.0421930E-05  1.5426080E-05 -9.0178674E-07 -1.8092357E-06  1.2601548E-05 -2.8617360E-06 -2.2498653E-05  1.4864614E-04
