TABLE NO.     1: First Order Conditional Estimation with Interaction: Problem=1 Subproblem=0 Superproblem1=0 Iteration1=0 Superproblem2=0 Iteration2=0
 NAME         THETA1       THETA2       THETA3       THETA4       THETA5       THETA6       THETA7       THETA8       THETA9       THETA10      THETA11      THETA12      THETA13      THETA14      THETA15      THETA16      SIGMA(1,1)   OMEGA(1,1)   OMEGA(2,1)   OMEGA(2,2)   OMEGA(3,1)   OMEGA(3,2)   OMEGA(3,3)   OMEGA(4,1)   OMEGA(4,2)   OMEGA(4,3)   OMEGA(4,4)   OMEGA(5,1)   OMEGA(5,2)   OMEGA(5,3)   OMEGA(5,4)   OMEGA(5,5)
 THETA1        0.00000E+00  0.00000E+00  0.00000E+00  0.00000E+00  0.00000E+00  0.00000E+00  0.00000E+00  0.00000E+00  0.00000E+00  0.00000E+00  0.00000E+00  0.00000E+00  0.00000E+00  0.00000E+00  0.00000E+00  0.00000E+00  0.00000E+00  0.00000E+00  0.00000E+00  0.00000E+00  0.00000E+00  0.00000E+00  0.00000E+00  0.00000E+00  0.00000E+00  0.00000E+00  0.00000E+00  0.00000E+00  0.00000E+00  0.00000E+00  0.00000E+00  0.00000E+00
 THETA2        0.00000E+00  0.00000E+00  0.00000E+00  0.00000E+00  0.00000E+00  0.00000E+00  0.00000E+00  0.00000E+00  0.00000E+00  0.00000E+00  0.00000E+00  0.00000E+00  0.00000E+00  0.00000E+00  0.00000E+00  0.00000E+00  0.00000E+00  0.00000E+00  0.00000E+00  0.00000E+00  0.00000E+00  0.00000E+00  0.00000E+00  0.00000E+00  0.00000E+00  0.00000E+00  0.00000E+00  0.00000E+00  0.00000E+00  0.00000E+00  0.00000E+00  0.00000E+00
 THETA3        0.00000E+00  0.00000E+00  0.00000E+00  0.00000E+00  0.00000E+00  0.00000E+00  0.00000E+00  0.00000E+00  0.00000E+00  0.00000E+00  0.00000E+00  0.00000E+00  0.00000E+00  0.00000E+00  0.00000E+00  0.00000E+00  0.00000E+00  0.00000E+00  0.00000E+00  0.00000E+00  0.00000E+00  0.00000E+00  0.00000E+00  0.00000E+00  0.00000E+00  0.00000E+00  0.00000E+00  0.00000E+00  0.00000E+00  0.00000E+00  0.00000E+00  0.00000E+00
 THETA4        0.00000E+00  0.00000E+00  0.00000E+00  2.42857E+01 -7.28105E-01 -7.28316E+00 -1.67271E+02  8.77694E+00  3.48402E+01  2.98882E+01 -1.19594E+01 -7.39578E+00 -2.17736E+00  7.44923E+01 -6.89444E+01 -1.87676E+01  1.71515E+02 -4.25700E+01  0.00000E+00  4.79326E+00  0.00000E+00  0.00000E+00  1.45624E+01  0.00000E+00  0.00000E+00  0.00000E+00  5.25363E+00  0.00000E+00  0.00000E+00  0.00000E+00  0.00000E+00 -6.83318E+00
 THETA5        0.00000E+00  0.00000E+00  0.00000E+00 -7.28105E-01  4.62525E-02  8.54300E-01  1.04275E+01 -2.95758E-01 -1.36342E+00 -7.99655E-01  1.05455E-01 -1.98489E-01 -6.05461E-03 -1.21103E+00 -2.51555E-01 -1.36481E-02 -1.68670E+01  1.40160E+00  0.00000E+00  1.39643E-01  0.00000E+00  0.00000E+00 -6.96803E-01  0.00000E+00  0.00000E+00  0.00000E+00 -2.68626E-01  0.00000E+00  0.00000E+00  0.00000E+00  0.00000E+00 -4.67930E-01
 THETA6        0.00000E+00  0.00000E+00  0.00000E+00 -7.28316E+00  8.54300E-01  7.50152E+01 -3.18657E+02 -2.62660E+00 -1.71856E+01 -3.40657E+00 -4.91109E+00 -6.19068E+00 -4.74816E-01  6.18932E+01 -3.83892E+01 -1.46305E+01  5.80211E+01  1.20230E+02  0.00000E+00  5.53206E+00  0.00000E+00  0.00000E+00  5.84297E+01  0.00000E+00  0.00000E+00  0.00000E+00  6.76942E+01  0.00000E+00  0.00000E+00  0.00000E+00  0.00000E+00  5.36994E+00
 THETA7        0.00000E+00  0.00000E+00  0.00000E+00 -1.67271E+02  1.04275E+01 -3.18657E+02  2.59245E+04 -6.63650E+01 -3.14262E+02 -1.57472E+02 -1.38535E+01 -7.09446E+01 -2.00756E+01 -2.68772E+02  5.67618E+02  2.88566E+01 -7.57997E+03  4.60925E+03  0.00000E+00 -7.18092E+01  0.00000E+00  0.00000E+00 -1.28800E+03  0.00000E+00  0.00000E+00  0.00000E+00 -7.70293E+02  0.00000E+00  0.00000E+00  0.00000E+00  0.00000E+00 -1.89542E+03
 THETA8        0.00000E+00  0.00000E+00  0.00000E+00  8.77694E+00 -2.95758E-01 -2.62660E+00 -6.63650E+01  6.70331E+01  0.00000E+00  0.00000E+00 -9.13352E+01  0.00000E+00  0.00000E+00  6.13398E+01  1.01042E+02 -1.75087E+01  5.83221E+02  1.09990E+02  0.00000E+00 -4.47227E+01  0.00000E+00  0.00000E+00  3.73870E+01  0.00000E+00  0.00000E+00  0.00000E+00  5.81651E+01  0.00000E+00  0.00000E+00  0.00000E+00  0.00000E+00 -1.30341E+00
 THETA9        0.00000E+00  0.00000E+00  0.00000E+00  3.48402E+01 -1.36342E+00 -1.71856E+01 -3.14262E+02  0.00000E+00  6.04289E+02  0.00000E+00  0.00000E+00 -1.28320E+02  0.00000E+00  2.27526E+02 -3.62233E+02 -3.61921E+01  2.20352E+02 -1.65638E+02  0.00000E+00 -4.58062E+01  0.00000E+00  0.00000E+00 -1.14067E+02  0.00000E+00  0.00000E+00  0.00000E+00 -6.37454E+01  0.00000E+00  0.00000E+00  0.00000E+00  0.00000E+00 -2.19374E+02
 THETA10       0.00000E+00  0.00000E+00  0.00000E+00  2.98882E+01 -7.99655E-01 -3.40657E+00 -1.57472E+02  0.00000E+00  0.00000E+00  8.09531E+02  0.00000E+00  0.00000E+00 -5.89740E+01  1.85051E+02 -5.90226E+01 -2.20075E+01  4.85707E+02 -1.17062E+02  0.00000E+00  1.23877E+02  0.00000E+00  0.00000E+00  1.82006E+02  0.00000E+00  0.00000E+00  0.00000E+00  5.02045E+01  0.00000E+00  0.00000E+00  0.00000E+00  0.00000E+00  4.82036E+00
 THETA11       0.00000E+00  0.00000E+00  0.00000E+00 -1.19594E+01  1.05455E-01 -4.91109E+00 -1.38535E+01 -9.13352E+01  0.00000E+00  0.00000E+00  2.35756E+02  0.00000E+00  0.00000E+00 -8.64673E+01 -9.19610E+01  5.32934E+01 -6.75198E+02 -2.51414E+02  0.00000E+00  1.07325E+02  0.00000E+00  0.00000E+00  9.89371E+01  0.00000E+00  0.00000E+00  0.00000E+00 -6.71866E+01  0.00000E+00  0.00000E+00  0.00000E+00  0.00000E+00  2.07952E+01
 THETA12       0.00000E+00  0.00000E+00  0.00000E+00 -7.39578E+00 -1.98489E-01 -6.19068E+00 -7.09446E+01  0.00000E+00 -1.28320E+02  0.00000E+00  0.00000E+00  1.07653E+02  0.00000E+00 -7.15051E+01  1.72425E+02  1.95494E+01  3.45371E+02  1.29109E+02  0.00000E+00  2.96192E+01  0.00000E+00  0.00000E+00  3.34296E+01  0.00000E+00  0.00000E+00  0.00000E+00  1.59027E+01  0.00000E+00  0.00000E+00  0.00000E+00  0.00000E+00  2.90016E+01
 THETA13       0.00000E+00  0.00000E+00  0.00000E+00 -2.17736E+00 -6.05461E-03 -4.74816E-01 -2.00756E+01  0.00000E+00  0.00000E+00 -5.89740E+01  0.00000E+00  0.00000E+00  7.94737E+00 -1.16307E+01  2.44536E+01  3.13226E+00 -9.13395E+01 -8.43830E+00  0.00000E+00 -2.36640E+01  0.00000E+00  0.00000E+00 -1.29935E+01  0.00000E+00  0.00000E+00  0.00000E+00 -1.89513E+00  0.00000E+00  0.00000E+00  0.00000E+00  0.00000E+00  2.06875E+00
 THETA14       0.00000E+00  0.00000E+00  0.00000E+00  7.44923E+01 -1.21103E+00  6.18932E+01 -2.68772E+02  6.13398E+01  2.27526E+02  1.85051E+02 -8.64673E+01 -7.15051E+01 -1.16307E+01  1.16936E+04 -9.33005E+01 -8.98017E+01  5.66068E+03  1.34340E+02  0.00000E+00  1.70558E+02  0.00000E+00  0.00000E+00 -2.79682E+02  0.00000E+00  0.00000E+00  0.00000E+00 -1.18650E+03  0.00000E+00  0.00000E+00  0.00000E+00  0.00000E+00 -4.50884E+02
 THETA15       0.00000E+00  0.00000E+00  0.00000E+00 -6.89444E+01 -2.51555E-01 -3.83892E+01  5.67618E+02  1.01042E+02 -3.62233E+02 -5.90226E+01 -9.19610E+01  1.72425E+02  2.44536E+01 -9.33005E+01  1.11623E+04  3.61640E+00 -2.33669E+03  3.03069E+03  0.00000E+00 -4.51017E+02  0.00000E+00  0.00000E+00 -6.02749E+02  0.00000E+00  0.00000E+00  0.00000E+00  6.87299E+01  0.00000E+00  0.00000E+00  0.00000E+00  0.00000E+00  8.84784E+02
 THETA16       0.00000E+00  0.00000E+00  0.00000E+00 -1.87676E+01 -1.36481E-02 -1.46305E+01  2.88566E+01 -1.75087E+01 -3.61921E+01 -2.20075E+01  5.32934E+01  1.95494E+01  3.13226E+00 -8.98017E+01  3.61640E+00  2.00691E+02  1.04535E+03 -2.70523E+02  0.00000E+00  1.48520E+02  0.00000E+00  0.00000E+00  1.08780E+02  0.00000E+00  0.00000E+00  0.00000E+00 -1.27057E+01  0.00000E+00  0.00000E+00  0.00000E+00  0.00000E+00 -4.22949E+00
 SIGMA(1,1)    0.00000E+00  0.00000E+00  0.00000E+00  1.71515E+02 -1.68670E+01  5.80211E+01 -7.57997E+03  5.83221E+02  2.20352E+02  4.85707E+02 -6.75198E+02  3.45371E+02 -9.13395E+01  5.66068E+03 -2.33669E+03  1.04535E+03  1.23512E+06  1.75997E+05  0.00000E+00  2.32197E+03  0.00000E+00  0.00000E+00  6.11274E+03  0.00000E+00  0.00000E+00  0.00000E+00  5.96090E+03  0.00000E+00  0.00000E+00  0.00000E+00  0.00000E+00  2.48097E+03
 OMEGA(1,1)    0.00000E+00  0.00000E+00  0.00000E+00 -4.25700E+01  1.40160E+00  1.20230E+02  4.60925E+03  1.09990E+02 -1.65638E+02 -1.17062E+02 -2.51414E+02  1.29109E+02 -8.43830E+00  1.34340E+02  3.03069E+03 -2.70523E+02  1.75997E+05  1.30553E+05  0.00000E+00 -1.09016E+03  0.00000E+00  0.00000E+00 -1.14288E+03  0.00000E+00  0.00000E+00  0.00000E+00 -1.34576E+02  0.00000E+00  0.00000E+00  0.00000E+00  0.00000E+00 -2.59238E+02
 OMEGA(2,1)    0.00000E+00  0.00000E+00  0.00000E+00  0.00000E+00  0.00000E+00  0.00000E+00  0.00000E+00  0.00000E+00  0.00000E+00  0.00000E+00  0.00000E+00  0.00000E+00  0.00000E+00  0.00000E+00  0.00000E+00  0.00000E+00  0.00000E+00  0.00000E+00  0.00000E+00  0.00000E+00  0.00000E+00  0.00000E+00  0.00000E+00  0.00000E+00  0.00000E+00  0.00000E+00  0.00000E+00  0.00000E+00  0.00000E+00  0.00000E+00  0.00000E+00  0.00000E+00
 OMEGA(2,2)    0.00000E+00  0.00000E+00  0.00000E+00  4.79326E+00  1.39643E-01  5.53206E+00 -7.18092E+01 -4.47227E+01 -4.58062E+01  1.23877E+02  1.07325E+02  2.96192E+01 -2.36640E+01  1.70558E+02 -4.51017E+02  1.48520E+02  2.32197E+03 -1.09016E+03  0.00000E+00  4.02292E+03  0.00000E+00  0.00000E+00  3.61189E+03  0.00000E+00  0.00000E+00  0.00000E+00 -1.46831E+02  0.00000E+00  0.00000E+00  0.00000E+00  0.00000E+00 -8.27775E+01
 OMEGA(3,1)    0.00000E+00  0.00000E+00  0.00000E+00  0.00000E+00  0.00000E+00  0.00000E+00  0.00000E+00  0.00000E+00  0.00000E+00  0.00000E+00  0.00000E+00  0.00000E+00  0.00000E+00  0.00000E+00  0.00000E+00  0.00000E+00  0.00000E+00  0.00000E+00  0.00000E+00  0.00000E+00  0.00000E+00  0.00000E+00  0.00000E+00  0.00000E+00  0.00000E+00  0.00000E+00  0.00000E+00  0.00000E+00  0.00000E+00  0.00000E+00  0.00000E+00  0.00000E+00
 OMEGA(3,2)    0.00000E+00  0.00000E+00  0.00000E+00  0.00000E+00  0.00000E+00  0.00000E+00  0.00000E+00  0.00000E+00  0.00000E+00  0.00000E+00  0.00000E+00  0.00000E+00  0.00000E+00  0.00000E+00  0.00000E+00  0.00000E+00  0.00000E+00  0.00000E+00  0.00000E+00  0.00000E+00  0.00000E+00  0.00000E+00  0.00000E+00  0.00000E+00  0.00000E+00  0.00000E+00  0.00000E+00  0.00000E+00  0.00000E+00  0.00000E+00  0.00000E+00  0.00000E+00
 OMEGA(3,3)    0.00000E+00  0.00000E+00  0.00000E+00  1.45624E+01 -6.96803E-01  5.84297E+01 -1.28800E+03  3.73870E+01 -1.14067E+02  1.82006E+02  9.89371E+01  3.34296E+01 -1.29935E+01 -2.79682E+02 -6.02749E+02  1.08780E+02  6.11274E+03 -1.14288E+03  0.00000E+00  3.61189E+03  0.00000E+00  0.00000E+00  1.13265E+04  0.00000E+00  0.00000E+00  0.00000E+00  3.72833E+03  0.00000E+00  0.00000E+00  0.00000E+00  0.00000E+00  1.57128E+02
 OMEGA(4,1)    0.00000E+00  0.00000E+00  0.00000E+00  0.00000E+00  0.00000E+00  0.00000E+00  0.00000E+00  0.00000E+00  0.00000E+00  0.00000E+00  0.00000E+00  0.00000E+00  0.00000E+00  0.00000E+00  0.00000E+00  0.00000E+00  0.00000E+00  0.00000E+00  0.00000E+00  0.00000E+00  0.00000E+00  0.00000E+00  0.00000E+00  0.00000E+00  0.00000E+00  0.00000E+00  0.00000E+00  0.00000E+00  0.00000E+00  0.00000E+00  0.00000E+00  0.00000E+00
 OMEGA(4,2)    0.00000E+00  0.00000E+00  0.00000E+00  0.00000E+00  0.00000E+00  0.00000E+00  0.00000E+00  0.00000E+00  0.00000E+00  0.00000E+00  0.00000E+00  0.00000E+00  0.00000E+00  0.00000E+00  0.00000E+00  0.00000E+00  0.00000E+00  0.00000E+00  0.00000E+00  0.00000E+00  0.00000E+00  0.00000E+00  0.00000E+00  0.00000E+00  0.00000E+00  0.00000E+00  0.00000E+00  0.00000E+00  0.00000E+00  0.00000E+00  0.00000E+00  0.00000E+00
 OMEGA(4,3)    0.00000E+00  0.00000E+00  0.00000E+00  0.00000E+00  0.00000E+00  0.00000E+00  0.00000E+00  0.00000E+00  0.00000E+00  0.00000E+00  0.00000E+00  0.00000E+00  0.00000E+00  0.00000E+00  0.00000E+00  0.00000E+00  0.00000E+00  0.00000E+00  0.00000E+00  0.00000E+00  0.00000E+00  0.00000E+00  0.00000E+00  0.00000E+00  0.00000E+00  0.00000E+00  0.00000E+00  0.00000E+00  0.00000E+00  0.00000E+00  0.00000E+00  0.00000E+00
 OMEGA(4,4)    0.00000E+00  0.00000E+00  0.00000E+00  5.25363E+00 -2.68626E-01  6.76942E+01 -7.70293E+02  5.81651E+01 -6.37454E+01  5.02045E+01 -6.71866E+01  1.59027E+01 -1.89513E+00 -1.18650E+03  6.87299E+01 -1.27057E+01  5.96090E+03 -1.34576E+02  0.00000E+00 -1.46831E+02  0.00000E+00  0.00000E+00  3.72833E+03  0.00000E+00  0.00000E+00  0.00000E+00  5.55742E+03  0.00000E+00  0.00000E+00  0.00000E+00  0.00000E+00  8.71215E+02
 OMEGA(5,1)    0.00000E+00  0.00000E+00  0.00000E+00  0.00000E+00  0.00000E+00  0.00000E+00  0.00000E+00  0.00000E+00  0.00000E+00  0.00000E+00  0.00000E+00  0.00000E+00  0.00000E+00  0.00000E+00  0.00000E+00  0.00000E+00  0.00000E+00  0.00000E+00  0.00000E+00  0.00000E+00  0.00000E+00  0.00000E+00  0.00000E+00  0.00000E+00  0.00000E+00  0.00000E+00  0.00000E+00  0.00000E+00  0.00000E+00  0.00000E+00  0.00000E+00  0.00000E+00
 OMEGA(5,2)    0.00000E+00  0.00000E+00  0.00000E+00  0.00000E+00  0.00000E+00  0.00000E+00  0.00000E+00  0.00000E+00  0.00000E+00  0.00000E+00  0.00000E+00  0.00000E+00  0.00000E+00  0.00000E+00  0.00000E+00  0.00000E+00  0.00000E+00  0.00000E+00  0.00000E+00  0.00000E+00  0.00000E+00  0.00000E+00  0.00000E+00  0.00000E+00  0.00000E+00  0.00000E+00  0.00000E+00  0.00000E+00  0.00000E+00  0.00000E+00  0.00000E+00  0.00000E+00
 OMEGA(5,3)    0.00000E+00  0.00000E+00  0.00000E+00  0.00000E+00  0.00000E+00  0.00000E+00  0.00000E+00  0.00000E+00  0.00000E+00  0.00000E+00  0.00000E+00  0.00000E+00  0.00000E+00  0.00000E+00  0.00000E+00  0.00000E+00  0.00000E+00  0.00000E+00  0.00000E+00  0.00000E+00  0.00000E+00  0.00000E+00  0.00000E+00  0.00000E+00  0.00000E+00  0.00000E+00  0.00000E+00  0.00000E+00  0.00000E+00  0.00000E+00  0.00000E+00  0.00000E+00
 OMEGA(5,4)    0.00000E+00  0.00000E+00  0.00000E+00  0.00000E+00  0.00000E+00  0.00000E+00  0.00000E+00  0.00000E+00  0.00000E+00  0.00000E+00  0.00000E+00  0.00000E+00  0.00000E+00  0.00000E+00  0.00000E+00  0.00000E+00  0.00000E+00  0.00000E+00  0.00000E+00  0.00000E+00  0.00000E+00  0.00000E+00  0.00000E+00  0.00000E+00  0.00000E+00  0.00000E+00  0.00000E+00  0.00000E+00  0.00000E+00  0.00000E+00  0.00000E+00  0.00000E+00
 OMEGA(5,5)    0.00000E+00  0.00000E+00  0.00000E+00 -6.83318E+00 -4.67930E-01  5.36994E+00 -1.89542E+03 -1.30341E+00 -2.19374E+02  4.82036E+00  2.07952E+01  2.90016E+01  2.06875E+00 -4.50884E+02  8.84784E+02 -4.22949E+00  2.48097E+03 -2.59238E+02  0.00000E+00 -8.27775E+01  0.00000E+00  0.00000E+00  1.57128E+02  0.00000E+00  0.00000E+00  0.00000E+00  8.71215E+02  0.00000E+00  0.00000E+00  0.00000E+00  0.00000E+00  6.97002E+03
