TABLE NO.     1: First Order Conditional Estimation with Interaction: Problem=1 Subproblem=0 Superproblem1=0 Iteration1=0 Superproblem2=0 Iteration2=0
 NAME         THETA1       THETA2       THETA3       THETA4       THETA5       THETA6       THETA7       THETA8       THETA9       THETA10      THETA11      THETA12      THETA13      THETA14      THETA15      THETA16      SIGMA(1,1)   OMEGA(1,1)   OMEGA(2,1)   OMEGA(2,2)   OMEGA(3,1)   OMEGA(3,2)   OMEGA(3,3)   OMEGA(4,1)   OMEGA(4,2)   OMEGA(4,3)   OMEGA(4,4)   OMEGA(5,1)   OMEGA(5,2)   OMEGA(5,3)   OMEGA(5,4)   OMEGA(5,5)
 THETA1        0.00000E+00  0.00000E+00  0.00000E+00  0.00000E+00  0.00000E+00  0.00000E+00  0.00000E+00  0.00000E+00  0.00000E+00  0.00000E+00  0.00000E+00  0.00000E+00  0.00000E+00  0.00000E+00  0.00000E+00  0.00000E+00  0.00000E+00  0.00000E+00  0.00000E+00  0.00000E+00  0.00000E+00  0.00000E+00  0.00000E+00  0.00000E+00  0.00000E+00  0.00000E+00  0.00000E+00  0.00000E+00  0.00000E+00  0.00000E+00  0.00000E+00  0.00000E+00
 THETA2        0.00000E+00  0.00000E+00  0.00000E+00  0.00000E+00  0.00000E+00  0.00000E+00  0.00000E+00  0.00000E+00  0.00000E+00  0.00000E+00  0.00000E+00  0.00000E+00  0.00000E+00  0.00000E+00  0.00000E+00  0.00000E+00  0.00000E+00  0.00000E+00  0.00000E+00  0.00000E+00  0.00000E+00  0.00000E+00  0.00000E+00  0.00000E+00  0.00000E+00  0.00000E+00  0.00000E+00  0.00000E+00  0.00000E+00  0.00000E+00  0.00000E+00  0.00000E+00
 THETA3        0.00000E+00  0.00000E+00  0.00000E+00  0.00000E+00  0.00000E+00  0.00000E+00  0.00000E+00  0.00000E+00  0.00000E+00  0.00000E+00  0.00000E+00  0.00000E+00  0.00000E+00  0.00000E+00  0.00000E+00  0.00000E+00  0.00000E+00  0.00000E+00  0.00000E+00  0.00000E+00  0.00000E+00  0.00000E+00  0.00000E+00  0.00000E+00  0.00000E+00  0.00000E+00  0.00000E+00  0.00000E+00  0.00000E+00  0.00000E+00  0.00000E+00  0.00000E+00
 THETA4        0.00000E+00  0.00000E+00  0.00000E+00  3.37094E-01  6.84578E-01 -1.97067E-01 -7.62509E-02 -3.66367E-02  3.38865E-02 -5.06134E-03  6.49691E-02  2.22697E-01  1.30764E-01 -8.94614E-02  1.64876E-01  3.08960E-01  1.55563E-02  2.31002E-02  0.00000E+00 -7.79912E-02  0.00000E+00  0.00000E+00  2.97777E-02  0.00000E+00  0.00000E+00  0.00000E+00 -8.25594E-03  0.00000E+00  0.00000E+00  0.00000E+00  0.00000E+00  1.98892E-02
 THETA5        0.00000E+00  0.00000E+00  0.00000E+00  6.84578E-01  8.92296E+00 -5.26090E-01 -3.57956E-01  1.02314E-01  2.43235E-01  1.40106E-01  1.13239E-01  3.02903E-01  1.89652E-01 -7.24411E-03  1.00037E-01  1.72789E-01  4.15190E-02  2.81315E-02  0.00000E+00 -4.63943E-02  0.00000E+00  0.00000E+00  1.91221E-02  0.00000E+00  0.00000E+00  0.00000E+00  2.91236E-02  0.00000E+00  0.00000E+00  0.00000E+00  0.00000E+00  1.00497E-02
 THETA6        0.00000E+00  0.00000E+00  0.00000E+00 -1.97067E-01 -5.26090E-01  1.51535E-01  4.41720E-01  1.42163E-02 -2.50046E-02 -4.42367E-02  1.21916E-02 -3.77735E-02 -4.71141E-02 -9.54032E-02 -9.53052E-03  4.57106E-02 -2.08630E-03 -6.87510E-02  0.00000E+00 -4.63232E-03  0.00000E+00  0.00000E+00 -7.27691E-03  0.00000E+00  0.00000E+00  0.00000E+00 -1.03931E-01  0.00000E+00  0.00000E+00  0.00000E+00  0.00000E+00  4.41536E-02
 THETA7        0.00000E+00  0.00000E+00  0.00000E+00 -7.62509E-02 -3.57956E-01  4.41720E-01  7.41603E-03  2.10884E-02  1.89071E-02  1.76812E-02  2.62396E-02  2.16950E-02  3.76363E-02 -3.77537E-02 -4.63073E-02 -4.47095E-03  4.96313E-02 -1.10910E-01  0.00000E+00 -1.90395E-02  0.00000E+00  0.00000E+00  4.01414E-02  0.00000E+00  0.00000E+00  0.00000E+00 -4.28752E-02  0.00000E+00  0.00000E+00  0.00000E+00  0.00000E+00  1.45634E-01
 THETA8        0.00000E+00  0.00000E+00  0.00000E+00 -3.66367E-02  1.02314E-01  1.42163E-02  2.10884E-02  1.86901E-01  7.09785E-02  7.29330E-02  7.22235E-01  6.61758E-02  6.26979E-02 -4.27630E-02 -1.26914E-01 -5.36268E-02 -3.16201E-02  8.51377E-03  0.00000E+00  9.50255E-02  0.00000E+00  0.00000E+00 -1.36201E-01  0.00000E+00  0.00000E+00  0.00000E+00  1.21901E-02  0.00000E+00  0.00000E+00  0.00000E+00  0.00000E+00  1.32608E-02
 THETA9        0.00000E+00  0.00000E+00  0.00000E+00  3.38865E-02  2.43235E-01 -2.50046E-02  1.89071E-02  7.09785E-02  5.12634E-02  7.87598E-02  3.59460E-02  5.26795E-01  5.77728E-02 -4.44461E-02  5.41506E-02  4.97678E-02 -3.72954E-03 -3.79714E-03  0.00000E+00 -1.87505E-02  0.00000E+00  0.00000E+00  3.90039E-02  0.00000E+00  0.00000E+00  0.00000E+00 -1.42919E-02  0.00000E+00  0.00000E+00  0.00000E+00  0.00000E+00  1.16483E-01
 THETA10       0.00000E+00  0.00000E+00  0.00000E+00 -5.06134E-03  1.40106E-01 -4.42367E-02  1.76812E-02  7.29330E-02  7.87598E-02  5.37270E-02  4.40258E-02  6.27594E-02  7.38478E-01 -3.90071E-02 -7.01272E-02 -2.25233E-02  1.39045E-02  1.77610E-02  0.00000E+00  7.98580E-02  0.00000E+00  0.00000E+00 -7.35322E-02  0.00000E+00  0.00000E+00  0.00000E+00  2.19614E-02  0.00000E+00  0.00000E+00  0.00000E+00  0.00000E+00  8.68196E-03
 THETA11       0.00000E+00  0.00000E+00  0.00000E+00  6.49691E-02  1.13239E-01  1.21916E-02  2.62396E-02  7.22235E-01  3.59460E-02  4.40258E-02  9.91659E-02  7.39170E-02  5.74970E-02 -7.18590E-03 -4.39296E-02 -1.60409E-01  9.94252E-03  8.11356E-03  0.00000E+00  4.59751E-02  0.00000E+00  0.00000E+00 -1.31004E-01  0.00000E+00  0.00000E+00  0.00000E+00  6.03786E-02  0.00000E+00  0.00000E+00  0.00000E+00  0.00000E+00 -1.24629E-02
 THETA12       0.00000E+00  0.00000E+00  0.00000E+00  2.22697E-01  3.02903E-01 -3.77735E-02  2.16950E-02  6.61758E-02  5.26795E-01  6.27594E-02  7.39170E-02  1.20550E-01  8.67327E-02  4.55760E-03 -6.86135E-02 -1.07494E-02 -1.25596E-03 -2.18026E-02  0.00000E+00 -4.42463E-02  0.00000E+00  0.00000E+00  1.84751E-02  0.00000E+00  0.00000E+00  0.00000E+00 -1.36369E-02  0.00000E+00  0.00000E+00  0.00000E+00  0.00000E+00  5.75650E-02
 THETA13       0.00000E+00  0.00000E+00  0.00000E+00  1.30764E-01  1.89652E-01 -4.71141E-02  3.76363E-02  6.26979E-02  5.77728E-02  7.38478E-01  5.74970E-02  8.67327E-02  5.48426E-01 -2.03102E-02 -8.10086E-02 -3.98708E-02  2.95126E-02  1.45050E-02  0.00000E+00  1.43200E-01  0.00000E+00  0.00000E+00 -8.71671E-02  0.00000E+00  0.00000E+00  0.00000E+00  4.38830E-02  0.00000E+00  0.00000E+00  0.00000E+00  0.00000E+00  1.06110E-02
 THETA14       0.00000E+00  0.00000E+00  0.00000E+00 -8.94614E-02 -7.24411E-03 -9.54032E-02 -3.77537E-02 -4.27630E-02 -4.44461E-02 -3.90071E-02 -7.18590E-03  4.55760E-03 -2.03102E-02  9.58177E-03 -2.39347E-02  2.80661E-03 -6.16213E-02  2.99769E-02  0.00000E+00  9.88923E-03  0.00000E+00  0.00000E+00 -4.25095E-02  0.00000E+00  0.00000E+00  0.00000E+00  1.59793E-01  0.00000E+00  0.00000E+00  0.00000E+00  0.00000E+00  1.48864E-02
 THETA15       0.00000E+00  0.00000E+00  0.00000E+00  1.64876E-01  1.00037E-01 -9.53052E-03 -4.63073E-02 -1.26914E-01  5.41506E-02 -7.01272E-02 -4.39296E-02 -6.86135E-02 -8.10086E-02 -2.39347E-02  1.00091E-02  5.69135E-02  6.49659E-02 -8.60753E-02  0.00000E+00 -5.57160E-03  0.00000E+00  0.00000E+00  5.06754E-02  0.00000E+00  0.00000E+00  0.00000E+00 -1.81605E-02  0.00000E+00  0.00000E+00  0.00000E+00  0.00000E+00 -9.06935E-02
 THETA16       0.00000E+00  0.00000E+00  0.00000E+00  3.08960E-01  1.72789E-01  4.57106E-02 -4.47095E-03 -5.36268E-02  4.97678E-02 -2.25233E-02 -1.60409E-01 -1.07494E-02 -3.98708E-02  2.80661E-03  5.69135E-02  7.98255E-02 -9.53802E-02  8.08749E-02  0.00000E+00 -1.56926E-01  0.00000E+00  0.00000E+00  4.65907E-02  0.00000E+00  0.00000E+00  0.00000E+00 -2.63864E-02  0.00000E+00  0.00000E+00  0.00000E+00  0.00000E+00  2.85310E-02
 SIGMA(1,1)    0.00000E+00  0.00000E+00  0.00000E+00  1.55563E-02  4.15190E-02 -2.08630E-03  4.96313E-02 -3.16201E-02 -3.72954E-03  1.39045E-02  9.94252E-03 -1.25596E-03  2.95126E-02 -6.16213E-02  6.49659E-02 -9.53802E-02  1.02286E-03 -4.52631E-01  0.00000E+00 -3.80129E-02  0.00000E+00  0.00000E+00  9.13444E-03  0.00000E+00  0.00000E+00  0.00000E+00 -7.08900E-02  0.00000E+00  0.00000E+00  0.00000E+00  0.00000E+00 -2.32129E-02
 OMEGA(1,1)    0.00000E+00  0.00000E+00  0.00000E+00  2.31002E-02  2.81315E-02 -6.87510E-02 -1.10910E-01  8.51377E-03 -3.79714E-03  1.77610E-02  8.11356E-03 -2.18026E-02  1.45050E-02  2.99769E-02 -8.60753E-02  8.08749E-02 -4.52631E-01  3.14380E-03  0.00000E+00  4.45920E-02  0.00000E+00  0.00000E+00 -9.31067E-03  0.00000E+00  0.00000E+00  0.00000E+00  4.46291E-02  0.00000E+00  0.00000E+00  0.00000E+00  0.00000E+00  1.13678E-02
 OMEGA(2,1)    0.00000E+00  0.00000E+00  0.00000E+00  0.00000E+00  0.00000E+00  0.00000E+00  0.00000E+00  0.00000E+00  0.00000E+00  0.00000E+00  0.00000E+00  0.00000E+00  0.00000E+00  0.00000E+00  0.00000E+00  0.00000E+00  0.00000E+00  0.00000E+00  0.00000E+00  0.00000E+00  0.00000E+00  0.00000E+00  0.00000E+00  0.00000E+00  0.00000E+00  0.00000E+00  0.00000E+00  0.00000E+00  0.00000E+00  0.00000E+00  0.00000E+00  0.00000E+00
 OMEGA(2,2)    0.00000E+00  0.00000E+00  0.00000E+00 -7.79912E-02 -4.63943E-02 -4.63232E-03 -1.90395E-02  9.50255E-02 -1.87505E-02  7.98580E-02  4.59751E-02 -4.42463E-02  1.43200E-01  9.88923E-03 -5.57160E-03 -1.56926E-01 -3.80129E-02  4.45920E-02  0.00000E+00  2.08854E-02  0.00000E+00  0.00000E+00 -6.22417E-01  0.00000E+00  0.00000E+00  0.00000E+00  3.71853E-01  0.00000E+00  0.00000E+00  0.00000E+00  0.00000E+00 -3.69120E-02
 OMEGA(3,1)    0.00000E+00  0.00000E+00  0.00000E+00  0.00000E+00  0.00000E+00  0.00000E+00  0.00000E+00  0.00000E+00  0.00000E+00  0.00000E+00  0.00000E+00  0.00000E+00  0.00000E+00  0.00000E+00  0.00000E+00  0.00000E+00  0.00000E+00  0.00000E+00  0.00000E+00  0.00000E+00  0.00000E+00  0.00000E+00  0.00000E+00  0.00000E+00  0.00000E+00  0.00000E+00  0.00000E+00  0.00000E+00  0.00000E+00  0.00000E+00  0.00000E+00  0.00000E+00
 OMEGA(3,2)    0.00000E+00  0.00000E+00  0.00000E+00  0.00000E+00  0.00000E+00  0.00000E+00  0.00000E+00  0.00000E+00  0.00000E+00  0.00000E+00  0.00000E+00  0.00000E+00  0.00000E+00  0.00000E+00  0.00000E+00  0.00000E+00  0.00000E+00  0.00000E+00  0.00000E+00  0.00000E+00  0.00000E+00  0.00000E+00  0.00000E+00  0.00000E+00  0.00000E+00  0.00000E+00  0.00000E+00  0.00000E+00  0.00000E+00  0.00000E+00  0.00000E+00  0.00000E+00
 OMEGA(3,3)    0.00000E+00  0.00000E+00  0.00000E+00  2.97777E-02  1.91221E-02 -7.27691E-03  4.01414E-02 -1.36201E-01  3.90039E-02 -7.35322E-02 -1.31004E-01  1.84751E-02 -8.71671E-02 -4.25095E-02  5.06754E-02  4.65907E-02  9.13444E-03 -9.31067E-03  0.00000E+00 -6.22417E-01  0.00000E+00  0.00000E+00  1.39066E-02  0.00000E+00  0.00000E+00  0.00000E+00 -5.70694E-01  0.00000E+00  0.00000E+00  0.00000E+00  0.00000E+00  6.92153E-02
 OMEGA(4,1)    0.00000E+00  0.00000E+00  0.00000E+00  0.00000E+00  0.00000E+00  0.00000E+00  0.00000E+00  0.00000E+00  0.00000E+00  0.00000E+00  0.00000E+00  0.00000E+00  0.00000E+00  0.00000E+00  0.00000E+00  0.00000E+00  0.00000E+00  0.00000E+00  0.00000E+00  0.00000E+00  0.00000E+00  0.00000E+00  0.00000E+00  0.00000E+00  0.00000E+00  0.00000E+00  0.00000E+00  0.00000E+00  0.00000E+00  0.00000E+00  0.00000E+00  0.00000E+00
 OMEGA(4,2)    0.00000E+00  0.00000E+00  0.00000E+00  0.00000E+00  0.00000E+00  0.00000E+00  0.00000E+00  0.00000E+00  0.00000E+00  0.00000E+00  0.00000E+00  0.00000E+00  0.00000E+00  0.00000E+00  0.00000E+00  0.00000E+00  0.00000E+00  0.00000E+00  0.00000E+00  0.00000E+00  0.00000E+00  0.00000E+00  0.00000E+00  0.00000E+00  0.00000E+00  0.00000E+00  0.00000E+00  0.00000E+00  0.00000E+00  0.00000E+00  0.00000E+00  0.00000E+00
 OMEGA(4,3)    0.00000E+00  0.00000E+00  0.00000E+00  0.00000E+00  0.00000E+00  0.00000E+00  0.00000E+00  0.00000E+00  0.00000E+00  0.00000E+00  0.00000E+00  0.00000E+00  0.00000E+00  0.00000E+00  0.00000E+00  0.00000E+00  0.00000E+00  0.00000E+00  0.00000E+00  0.00000E+00  0.00000E+00  0.00000E+00  0.00000E+00  0.00000E+00  0.00000E+00  0.00000E+00  0.00000E+00  0.00000E+00  0.00000E+00  0.00000E+00  0.00000E+00  0.00000E+00
 OMEGA(4,4)    0.00000E+00  0.00000E+00  0.00000E+00 -8.25594E-03  2.91236E-02 -1.03931E-01 -4.28752E-02  1.21901E-02 -1.42919E-02  2.19614E-02  6.03786E-02 -1.36369E-02  4.38830E-02  1.59793E-01 -1.81605E-02 -2.63864E-02 -7.08900E-02  4.46291E-02  0.00000E+00  3.71853E-01  0.00000E+00  0.00000E+00 -5.70694E-01  0.00000E+00  0.00000E+00  0.00000E+00  1.70048E-02  0.00000E+00  0.00000E+00  0.00000E+00  0.00000E+00 -1.45183E-01
 OMEGA(5,1)    0.00000E+00  0.00000E+00  0.00000E+00  0.00000E+00  0.00000E+00  0.00000E+00  0.00000E+00  0.00000E+00  0.00000E+00  0.00000E+00  0.00000E+00  0.00000E+00  0.00000E+00  0.00000E+00  0.00000E+00  0.00000E+00  0.00000E+00  0.00000E+00  0.00000E+00  0.00000E+00  0.00000E+00  0.00000E+00  0.00000E+00  0.00000E+00  0.00000E+00  0.00000E+00  0.00000E+00  0.00000E+00  0.00000E+00  0.00000E+00  0.00000E+00  0.00000E+00
 OMEGA(5,2)    0.00000E+00  0.00000E+00  0.00000E+00  0.00000E+00  0.00000E+00  0.00000E+00  0.00000E+00  0.00000E+00  0.00000E+00  0.00000E+00  0.00000E+00  0.00000E+00  0.00000E+00  0.00000E+00  0.00000E+00  0.00000E+00  0.00000E+00  0.00000E+00  0.00000E+00  0.00000E+00  0.00000E+00  0.00000E+00  0.00000E+00  0.00000E+00  0.00000E+00  0.00000E+00  0.00000E+00  0.00000E+00  0.00000E+00  0.00000E+00  0.00000E+00  0.00000E+00
 OMEGA(5,3)    0.00000E+00  0.00000E+00  0.00000E+00  0.00000E+00  0.00000E+00  0.00000E+00  0.00000E+00  0.00000E+00  0.00000E+00  0.00000E+00  0.00000E+00  0.00000E+00  0.00000E+00  0.00000E+00  0.00000E+00  0.00000E+00  0.00000E+00  0.00000E+00  0.00000E+00  0.00000E+00  0.00000E+00  0.00000E+00  0.00000E+00  0.00000E+00  0.00000E+00  0.00000E+00  0.00000E+00  0.00000E+00  0.00000E+00  0.00000E+00  0.00000E+00  0.00000E+00
 OMEGA(5,4)    0.00000E+00  0.00000E+00  0.00000E+00  0.00000E+00  0.00000E+00  0.00000E+00  0.00000E+00  0.00000E+00  0.00000E+00  0.00000E+00  0.00000E+00  0.00000E+00  0.00000E+00  0.00000E+00  0.00000E+00  0.00000E+00  0.00000E+00  0.00000E+00  0.00000E+00  0.00000E+00  0.00000E+00  0.00000E+00  0.00000E+00  0.00000E+00  0.00000E+00  0.00000E+00  0.00000E+00  0.00000E+00  0.00000E+00  0.00000E+00  0.00000E+00  0.00000E+00
 OMEGA(5,5)    0.00000E+00  0.00000E+00  0.00000E+00  1.98892E-02  1.00497E-02  4.41536E-02  1.45634E-01  1.32608E-02  1.16483E-01  8.68196E-03 -1.24629E-02  5.75650E-02  1.06110E-02  1.48864E-02 -9.06935E-02  2.85310E-02 -2.32129E-02  1.13678E-02  0.00000E+00 -3.69120E-02  0.00000E+00  0.00000E+00  6.92153E-02  0.00000E+00  0.00000E+00  0.00000E+00 -1.45183E-01  0.00000E+00  0.00000E+00  0.00000E+00  0.00000E+00  1.24238E-02
