TABLE NO.     2: Objective Function Evaluation by Importance/MAP Sampling (No Prior): Problem=1 Subproblem=0 Superproblem1=0 Iteration1=0 Superproblem2=0 Iteration2=0
 NAME         THETA1       THETA2       THETA3       THETA4       THETA5       THETA6       THETA7       THETA8       THETA9       THETA10      THETA11      THETA12      THETA13      THETA14      THETA15      THETA16      THETA17      THETA18      THETA19      THETA20      THETA21      THETA22      SIGMA(1,1)   SIGMA(2,1)   SIGMA(2,2)   OMEGA(1,1)   OMEGA(2,1)   OMEGA(2,2)   OMEGA(3,1)   OMEGA(3,2)   OMEGA(3,3)   OMEGA(4,1)   OMEGA(4,2)   OMEGA(4,3)   OMEGA(4,4)   OMEGA(5,1)   OMEGA(5,2)   OMEGA(5,3)   OMEGA(5,4)   OMEGA(5,5)   OMEGA(6,1)   OMEGA(6,2)   OMEGA(6,3)   OMEGA(6,4)   OMEGA(6,5)   OMEGA(6,6)   OMEGA(7,1)   OMEGA(7,2)   OMEGA(7,3)   OMEGA(7,4)   OMEGA(7,5)   OMEGA(7,6)   OMEGA(7,7)   OMEGA(8,1)   OMEGA(8,2)   OMEGA(8,3)   OMEGA(8,4)   OMEGA(8,5)   OMEGA(8,6)   OMEGA(8,7)   OMEGA(8,8)   OMEGA(9,1)   OMEGA(9,2)   OMEGA(9,3)   OMEGA(9,4)   OMEGA(9,5)   OMEGA(9,6)   OMEGA(9,7)   OMEGA(9,8)   OMEGA(9,9)   OMEGA(10,1)  OMEGA(10,2)  OMEGA(10,3)  OMEGA(10,4)  OMEGA(10,5)  OMEGA(10,6)  OMEGA(10,7)  OMEGA(10,8)  OMEGA(10,9)  OMEGA(10,10) OMEGA(11,1)  OMEGA(11,2)  OMEGA(11,3)  OMEGA(11,4)  OMEGA(11,5)  OMEGA(11,6)  OMEGA(11,7)  OMEGA(11,8)  OMEGA(11,9)  OMEGA(11,10) OMEGA(11,11) OMEGA(12,1)  OMEGA(12,2)  OMEGA(12,3)  OMEGA(12,4)  OMEGA(12,5)  OMEGA(12,6)  OMEGA(12,7)  OMEGA(12,8)  OMEGA(12,9)  OMEGA(12,10) OMEGA(12,11) OMEGA(12,12)
 THETA1        0.00000E+00  0.00000E+00  0.00000E+00  0.00000E+00  0.00000E+00  0.00000E+00  0.00000E+00  0.00000E+00  0.00000E+00  0.00000E+00  0.00000E+00  0.00000E+00  0.00000E+00  0.00000E+00  0.00000E+00  0.00000E+00  0.00000E+00  0.00000E+00  0.00000E+00  0.00000E+00  0.00000E+00  0.00000E+00  0.00000E+00  0.00000E+00  0.00000E+00  0.00000E+00  0.00000E+00  0.00000E+00  0.00000E+00  0.00000E+00  0.00000E+00  0.00000E+00  0.00000E+00  0.00000E+00  0.00000E+00  0.00000E+00  0.00000E+00  0.00000E+00  0.00000E+00  0.00000E+00  0.00000E+00  0.00000E+00  0.00000E+00  0.00000E+00  0.00000E+00  0.00000E+00  0.00000E+00  0.00000E+00  0.00000E+00  0.00000E+00  0.00000E+00  0.00000E+00  0.00000E+00  0.00000E+00  0.00000E+00  0.00000E+00  0.00000E+00  0.00000E+00  0.00000E+00  0.00000E+00  0.00000E+00  0.00000E+00  0.00000E+00  0.00000E+00  0.00000E+00  0.00000E+00  0.00000E+00  0.00000E+00  0.00000E+00  0.00000E+00  0.00000E+00  0.00000E+00  0.00000E+00  0.00000E+00  0.00000E+00  0.00000E+00  0.00000E+00  0.00000E+00  0.00000E+00  0.00000E+00  0.00000E+00  0.00000E+00  0.00000E+00  0.00000E+00  0.00000E+00  0.00000E+00  0.00000E+00  0.00000E+00  0.00000E+00  0.00000E+00  0.00000E+00  0.00000E+00  0.00000E+00  0.00000E+00  0.00000E+00  0.00000E+00  0.00000E+00  0.00000E+00  0.00000E+00  0.00000E+00  0.00000E+00  0.00000E+00  0.00000E+00
 THETA2        0.00000E+00  0.00000E+00  0.00000E+00  0.00000E+00  0.00000E+00  0.00000E+00  0.00000E+00  0.00000E+00  0.00000E+00  0.00000E+00  0.00000E+00  0.00000E+00  0.00000E+00  0.00000E+00  0.00000E+00  0.00000E+00  0.00000E+00  0.00000E+00  0.00000E+00  0.00000E+00  0.00000E+00  0.00000E+00  0.00000E+00  0.00000E+00  0.00000E+00  0.00000E+00  0.00000E+00  0.00000E+00  0.00000E+00  0.00000E+00  0.00000E+00  0.00000E+00  0.00000E+00  0.00000E+00  0.00000E+00  0.00000E+00  0.00000E+00  0.00000E+00  0.00000E+00  0.00000E+00  0.00000E+00  0.00000E+00  0.00000E+00  0.00000E+00  0.00000E+00  0.00000E+00  0.00000E+00  0.00000E+00  0.00000E+00  0.00000E+00  0.00000E+00  0.00000E+00  0.00000E+00  0.00000E+00  0.00000E+00  0.00000E+00  0.00000E+00  0.00000E+00  0.00000E+00  0.00000E+00  0.00000E+00  0.00000E+00  0.00000E+00  0.00000E+00  0.00000E+00  0.00000E+00  0.00000E+00  0.00000E+00  0.00000E+00  0.00000E+00  0.00000E+00  0.00000E+00  0.00000E+00  0.00000E+00  0.00000E+00  0.00000E+00  0.00000E+00  0.00000E+00  0.00000E+00  0.00000E+00  0.00000E+00  0.00000E+00  0.00000E+00  0.00000E+00  0.00000E+00  0.00000E+00  0.00000E+00  0.00000E+00  0.00000E+00  0.00000E+00  0.00000E+00  0.00000E+00  0.00000E+00  0.00000E+00  0.00000E+00  0.00000E+00  0.00000E+00  0.00000E+00  0.00000E+00  0.00000E+00  0.00000E+00  0.00000E+00  0.00000E+00
 THETA3        0.00000E+00  0.00000E+00  0.00000E+00  0.00000E+00  0.00000E+00  0.00000E+00  0.00000E+00  0.00000E+00  0.00000E+00  0.00000E+00  0.00000E+00  0.00000E+00  0.00000E+00  0.00000E+00  0.00000E+00  0.00000E+00  0.00000E+00  0.00000E+00  0.00000E+00  0.00000E+00  0.00000E+00  0.00000E+00  0.00000E+00  0.00000E+00  0.00000E+00  0.00000E+00  0.00000E+00  0.00000E+00  0.00000E+00  0.00000E+00  0.00000E+00  0.00000E+00  0.00000E+00  0.00000E+00  0.00000E+00  0.00000E+00  0.00000E+00  0.00000E+00  0.00000E+00  0.00000E+00  0.00000E+00  0.00000E+00  0.00000E+00  0.00000E+00  0.00000E+00  0.00000E+00  0.00000E+00  0.00000E+00  0.00000E+00  0.00000E+00  0.00000E+00  0.00000E+00  0.00000E+00  0.00000E+00  0.00000E+00  0.00000E+00  0.00000E+00  0.00000E+00  0.00000E+00  0.00000E+00  0.00000E+00  0.00000E+00  0.00000E+00  0.00000E+00  0.00000E+00  0.00000E+00  0.00000E+00  0.00000E+00  0.00000E+00  0.00000E+00  0.00000E+00  0.00000E+00  0.00000E+00  0.00000E+00  0.00000E+00  0.00000E+00  0.00000E+00  0.00000E+00  0.00000E+00  0.00000E+00  0.00000E+00  0.00000E+00  0.00000E+00  0.00000E+00  0.00000E+00  0.00000E+00  0.00000E+00  0.00000E+00  0.00000E+00  0.00000E+00  0.00000E+00  0.00000E+00  0.00000E+00  0.00000E+00  0.00000E+00  0.00000E+00  0.00000E+00  0.00000E+00  0.00000E+00  0.00000E+00  0.00000E+00  0.00000E+00  0.00000E+00
 THETA4        0.00000E+00  0.00000E+00  0.00000E+00  3.09327E-01  5.10383E-01 -2.74901E-02 -1.57012E-01  0.00000E+00 -4.41554E-01 -4.92951E-01 -3.58795E-01  4.44037E-02  3.80374E-01 -3.49262E-01 -2.25880E-01 -4.24152E-01  2.23043E-01  3.41064E-01  2.90193E-01  3.92354E-02  5.89881E-02  6.77280E-03 -2.62776E-01  0.00000E+00  0.00000E+00 -6.67116E-02  0.00000E+00  0.00000E+00  0.00000E+00  0.00000E+00 -3.83336E-01  0.00000E+00  0.00000E+00 -3.46332E-01 -2.54718E-01  0.00000E+00  0.00000E+00 -4.00390E-01 -3.64520E-01 -1.92507E-01  0.00000E+00  0.00000E+00  2.39425E-01  2.34764E-01  2.29384E-01  1.33003E-01  0.00000E+00  0.00000E+00 -1.20756E-01 -1.12328E-01  9.90541E-03 -1.79200E-01 -7.19622E-02  0.00000E+00  0.00000E+00 -4.25122E-01 -4.31478E-01 -4.20874E-01 -3.02632E-01  2.09867E-02  1.00621E-01  0.00000E+00  0.00000E+00 -4.18312E-01 -4.87916E-01 -4.28369E-01 -8.21997E-02  6.73116E-02 -3.12448E-02 -7.05668E-02  0.00000E+00  0.00000E+00  3.16318E-01  3.14043E-01  3.07160E-01 -1.74696E-01  1.70557E-01 -2.27873E-01 -1.44950E-01  5.12008E-02  0.00000E+00  0.00000E+00 -3.78037E-01 -3.76154E-01 -3.59336E-01  2.82666E-01 -1.72982E-01 -1.22643E-01 -6.86828E-02 -1.25958E-01  3.00104E-01  0.00000E+00  0.00000E+00 -1.62457E-01 -1.77652E-01 -1.94494E-01  2.47690E-01  3.23537E-02  8.00971E-02  4.24024E-02 -2.91190E-02 -2.87956E-01 -1.43577E-02
 THETA5        0.00000E+00  0.00000E+00  0.00000E+00  5.10383E-01  8.39726E+00 -4.28964E-01 -4.23710E-01  0.00000E+00 -8.51731E-01 -7.58767E-01 -7.21132E-01  5.27497E-01  6.94479E-01 -7.07309E-01 -6.27847E-01 -8.56566E-01  4.96708E-01  7.60083E-01  6.48247E-01 -3.18621E-02  1.55393E-02  3.13848E-02 -5.19740E-01  0.00000E+00  0.00000E+00 -2.29600E-01  0.00000E+00  0.00000E+00  0.00000E+00  0.00000E+00 -8.01323E-01  0.00000E+00  0.00000E+00 -7.42707E-01 -5.78006E-01  0.00000E+00  0.00000E+00 -8.76221E-01 -8.54156E-01 -4.17394E-01  0.00000E+00  0.00000E+00  3.70086E-01  3.41998E-01  3.81203E-01  1.97286E-01  0.00000E+00  0.00000E+00 -5.81818E-01 -4.93641E-01 -2.74982E-01 -5.72164E-01 -1.01777E-01  0.00000E+00  0.00000E+00 -8.92420E-01 -8.88834E-01 -8.56668E-01 -6.81573E-01 -2.96124E-02  2.44609E-01  0.00000E+00  0.00000E+00 -6.36846E-01 -8.33270E-01 -7.19341E-01 -6.47176E-03  1.08727E-01  3.02955E-02 -9.63696E-02  0.00000E+00  0.00000E+00  6.78987E-01  6.78193E-01  6.64744E-01 -3.47454E-01  3.46993E-01 -5.07185E-01 -3.74310E-01  2.85353E-03  0.00000E+00  0.00000E+00 -7.59807E-01 -7.54255E-01 -7.20112E-01  5.82881E-01 -3.44733E-01 -1.71361E-01 -7.78315E-02 -2.96784E-01  5.65330E-01  0.00000E+00  0.00000E+00 -3.61796E-01 -4.03255E-01 -4.67734E-01  5.26412E-01 -8.43873E-02 -1.85155E-03  4.57229E-02 -6.25172E-02 -5.48226E-01  7.10540E-03
 THETA6        0.00000E+00  0.00000E+00  0.00000E+00 -2.74901E-02 -4.28964E-01  1.67966E-01  2.69584E-01  0.00000E+00  3.68115E-01  3.48344E-01  3.42396E-01 -2.49660E-01 -2.46006E-01  3.68250E-01  3.15607E-01  3.71972E-01 -1.74742E-01 -2.58016E-01 -2.06011E-01  6.06756E-02  5.06108E-02 -2.85102E-02  1.92648E-01  0.00000E+00  0.00000E+00  9.55215E-02  0.00000E+00  0.00000E+00  0.00000E+00  0.00000E+00  4.08587E-01  0.00000E+00  0.00000E+00  3.78281E-01  3.01622E-01  0.00000E+00  0.00000E+00  3.86687E-01  3.68262E-01  1.11525E-01  0.00000E+00  0.00000E+00 -9.15123E-02 -9.86633E-02 -9.02906E-02 -4.97469E-02  0.00000E+00  0.00000E+00  4.42460E-01  4.10127E-01  1.17439E-01  5.06420E-01  1.04346E-02  0.00000E+00  0.00000E+00  3.85808E-01  3.82544E-01  3.56124E-01  4.54184E-01  1.92522E-02 -1.07076E-01  0.00000E+00  0.00000E+00  1.76556E-01  2.63574E-01  2.74412E-01 -3.07836E-02 -3.44824E-02 -2.88842E-02  3.22885E-02  0.00000E+00  0.00000E+00 -2.33907E-01 -2.36205E-01 -2.29538E-01  1.19428E-01 -8.88768E-02  2.32932E-01  1.53384E-01  1.93256E-02  0.00000E+00  0.00000E+00  2.95619E-01  2.91899E-01  2.75067E-01 -2.03051E-01  1.69124E-01  6.38146E-02  2.80650E-02  9.81635E-02 -1.93563E-01  0.00000E+00  0.00000E+00  1.43852E-01  1.73002E-01  2.16251E-01 -3.20447E-01  8.38952E-02  4.80135E-02  1.44572E-02  5.64661E-03  1.87935E-01 -2.10401E-02
 THETA7        0.00000E+00  0.00000E+00  0.00000E+00 -1.57012E-01 -4.23710E-01  2.69584E-01  1.53718E-02  0.00000E+00  3.93109E-01  4.26613E-01  6.02349E-01 -1.46970E-01 -3.17754E-01  3.58369E-01  3.98629E-01  4.02664E-01 -2.40469E-01 -3.71701E-01 -3.11246E-01  6.59027E-02 -4.80577E-02 -1.02690E-01  9.52001E-02  0.00000E+00  0.00000E+00  6.76956E-02  0.00000E+00  0.00000E+00  0.00000E+00  0.00000E+00  5.62331E-01  0.00000E+00  0.00000E+00  6.21244E-01  7.15633E-01  0.00000E+00  0.00000E+00  3.52327E-01  6.31050E-01  2.95162E-02  0.00000E+00  0.00000E+00  1.81084E-01  2.20850E-01  1.81574E-01 -5.69793E-01  0.00000E+00  0.00000E+00  5.37214E-01  4.71433E-01  2.56975E-01  3.12835E-01  6.70919E-02  0.00000E+00  0.00000E+00  4.79010E-01  4.86077E-01  4.96383E-01  2.14150E-01 -4.50835E-02 -8.18967E-02  0.00000E+00  0.00000E+00  4.33339E-02  2.32715E-01  3.30329E-01 -1.01043E-01 -9.25863E-02  3.76886E-02  3.76883E-02  0.00000E+00  0.00000E+00 -3.03315E-01 -2.74612E-01 -2.55411E-01  2.22827E-02 -1.22136E-01  2.32613E-01  1.17468E-01 -7.22940E-03  0.00000E+00  0.00000E+00  3.40553E-01  3.44518E-01  3.24256E-01 -2.58999E-01  1.76346E-01  4.60527E-02  7.67739E-03  2.00347E-01 -2.60637E-01  0.00000E+00  0.00000E+00 -2.15200E-01 -2.03759E-01 -1.72702E-01 -3.01439E-01  1.51926E-01  3.41553E-02 -1.37091E-02 -5.58422E-02  2.36408E-01 -1.34000E-02
 THETA8        0.00000E+00  0.00000E+00  0.00000E+00  0.00000E+00  0.00000E+00  0.00000E+00  0.00000E+00  0.00000E+00  0.00000E+00  0.00000E+00  0.00000E+00  0.00000E+00  0.00000E+00  0.00000E+00  0.00000E+00  0.00000E+00  0.00000E+00  0.00000E+00  0.00000E+00  0.00000E+00  0.00000E+00  0.00000E+00  0.00000E+00  0.00000E+00  0.00000E+00  0.00000E+00  0.00000E+00  0.00000E+00  0.00000E+00  0.00000E+00  0.00000E+00  0.00000E+00  0.00000E+00  0.00000E+00  0.00000E+00  0.00000E+00  0.00000E+00  0.00000E+00  0.00000E+00  0.00000E+00  0.00000E+00  0.00000E+00  0.00000E+00  0.00000E+00  0.00000E+00  0.00000E+00  0.00000E+00  0.00000E+00  0.00000E+00  0.00000E+00  0.00000E+00  0.00000E+00  0.00000E+00  0.00000E+00  0.00000E+00  0.00000E+00  0.00000E+00  0.00000E+00  0.00000E+00  0.00000E+00  0.00000E+00  0.00000E+00  0.00000E+00  0.00000E+00  0.00000E+00  0.00000E+00  0.00000E+00  0.00000E+00  0.00000E+00  0.00000E+00  0.00000E+00  0.00000E+00  0.00000E+00  0.00000E+00  0.00000E+00  0.00000E+00  0.00000E+00  0.00000E+00  0.00000E+00  0.00000E+00  0.00000E+00  0.00000E+00  0.00000E+00  0.00000E+00  0.00000E+00  0.00000E+00  0.00000E+00  0.00000E+00  0.00000E+00  0.00000E+00  0.00000E+00  0.00000E+00  0.00000E+00  0.00000E+00  0.00000E+00  0.00000E+00  0.00000E+00  0.00000E+00  0.00000E+00  0.00000E+00  0.00000E+00  0.00000E+00  0.00000E+00
 THETA9        0.00000E+00  0.00000E+00  0.00000E+00 -4.41554E-01 -8.51731E-01  3.68115E-01  3.93109E-01  0.00000E+00  1.35350E+00  6.91130E-01  6.63995E-01 -6.58527E-01 -8.07919E-01  6.73924E-01  6.43710E-01  9.86812E-01 -6.02473E-01 -7.54734E-01 -6.00754E-01 -6.72655E-02 -1.34188E-01  5.07478E-02  6.51115E-01  0.00000E+00  0.00000E+00  4.27980E-01  0.00000E+00  0.00000E+00  0.00000E+00  0.00000E+00  7.09182E-01  0.00000E+00  0.00000E+00  6.38651E-01  4.48755E-01  0.00000E+00  0.00000E+00  9.32354E-01  8.88045E-01  6.72495E-01  0.00000E+00  0.00000E+00 -6.48662E-01 -6.23868E-01 -6.46653E-01 -1.36445E-01  0.00000E+00  0.00000E+00  6.76707E-01  6.09345E-01  4.53334E-01  4.95448E-01  7.53088E-02  0.00000E+00  0.00000E+00  9.61541E-01  9.64214E-01  9.61195E-01  6.25608E-01 -7.90851E-02 -1.49031E-01  0.00000E+00  0.00000E+00  4.31143E-01  7.48616E-01  7.69667E-01 -1.24314E-01 -1.37758E-01  4.78567E-02  9.05151E-02  0.00000E+00  0.00000E+00 -8.80855E-01 -8.83888E-01 -8.77587E-01  4.96939E-01 -3.63493E-01  5.44024E-01  4.02813E-01 -2.48779E-02  0.00000E+00  0.00000E+00  9.24962E-01  9.21573E-01  8.93419E-01 -7.75525E-01  3.88540E-01  2.16455E-01  1.10252E-01  3.86085E-01 -7.44593E-01  0.00000E+00  0.00000E+00  5.86550E-01  6.26037E-01  6.75076E-01 -4.89589E-01  9.28552E-02 -1.45416E-02 -7.05032E-02  4.89223E-02  7.27742E-01  2.98567E-02
 THETA10       0.00000E+00  0.00000E+00  0.00000E+00 -4.92951E-01 -7.58767E-01  3.48344E-01  4.26613E-01  0.00000E+00  6.91130E-01  1.09203E-01  6.85662E-01 -3.44022E-01 -5.16160E-01  9.06970E-01  4.17583E-01  6.97096E-01 -4.18321E-01 -5.53337E-01 -4.22877E-01  9.57781E-02 -3.96562E-02 -1.16027E-01  3.17063E-01  0.00000E+00  0.00000E+00  9.43881E-02  0.00000E+00  0.00000E+00  0.00000E+00  0.00000E+00  8.59498E-01  0.00000E+00  0.00000E+00  8.41743E-01  7.51721E-01  0.00000E+00  0.00000E+00  7.07116E-01  7.64773E-01  1.18362E-01  0.00000E+00  0.00000E+00 -1.39909E-01 -1.19471E-01 -1.21718E-01 -3.85996E-01  0.00000E+00  0.00000E+00  5.64163E-01  4.72300E-01  1.09320E-01  5.79310E-01  9.33263E-02  0.00000E+00  0.00000E+00  7.42292E-01  7.49676E-01  7.53079E-01  4.89232E-01 -3.06479E-02 -1.04814E-01  0.00000E+00  0.00000E+00  4.46666E-01  6.53105E-01  6.95067E-01 -9.84346E-02 -6.07462E-02  8.38248E-02  1.11904E-01  0.00000E+00  0.00000E+00 -4.56332E-01 -4.52856E-01 -4.40936E-01  1.94155E-01 -2.69658E-01  4.28858E-01  3.06280E-01 -1.33329E-02  0.00000E+00  0.00000E+00  6.04338E-01  5.94138E-01  5.64072E-01 -4.08807E-01  2.81896E-01  1.29636E-01  5.99780E-02  2.02622E-01 -4.51885E-01  0.00000E+00  0.00000E+00  4.46303E-02  1.05004E-01  1.96449E-01 -5.25383E-01  6.17540E-02 -5.38320E-04 -3.12416E-02  1.86602E-02  4.27437E-01 -1.95507E-02
 THETA11       0.00000E+00  0.00000E+00  0.00000E+00 -3.58795E-01 -7.21132E-01  3.42396E-01  6.02349E-01  0.00000E+00  6.63995E-01  6.85662E-01  1.08330E-01 -4.17277E-01 -5.07655E-01  6.03610E-01  7.89267E-01  6.69464E-01 -4.39603E-01 -5.75045E-01 -4.41242E-01  9.49721E-02 -1.18746E-01 -1.10357E-01  3.16062E-01  0.00000E+00  0.00000E+00  1.28054E-01  0.00000E+00  0.00000E+00  0.00000E+00  0.00000E+00  8.33369E-01  0.00000E+00  0.00000E+00  8.19922E-01  7.43063E-01  0.00000E+00  0.00000E+00  7.35798E-01  8.22292E-01  2.00251E-01  0.00000E+00  0.00000E+00 -7.53459E-02 -4.31431E-02 -5.20007E-02 -4.37286E-01  0.00000E+00  0.00000E+00  6.43634E-01  5.74205E-01  3.51931E-01  4.93763E-01  9.54758E-02  0.00000E+00  0.00000E+00  7.36462E-01  7.43900E-01  7.45838E-01  4.02054E-01 -1.76817E-02 -1.25362E-01  0.00000E+00  0.00000E+00  3.33126E-01  5.49378E-01  5.44139E-01 -1.15934E-01 -6.85260E-02  2.49249E-02  1.71144E-02  0.00000E+00  0.00000E+00 -5.18615E-01 -5.10028E-01 -4.96402E-01  2.26572E-01 -3.02858E-01  3.96707E-01  2.78102E-01  2.66084E-02  0.00000E+00  0.00000E+00  6.25072E-01  6.20296E-01  5.93125E-01 -4.83641E-01  2.86111E-01  1.49074E-01  8.31626E-02  2.80580E-01 -5.03480E-01  0.00000E+00  0.00000E+00  9.99508E-02  1.44483E-01  2.02241E-01 -4.54075E-01  1.70479E-01  5.62832E-02 -2.72222E-02  3.27555E-02  4.83425E-01 -3.11619E-02
 THETA12       0.00000E+00  0.00000E+00  0.00000E+00  4.44037E-02  5.27497E-01 -2.49660E-01 -1.46970E-01  0.00000E+00 -6.58527E-01 -3.44022E-01 -4.17277E-01  3.38551E-02  6.23063E-01 -3.73888E-01 -5.27434E-01 -6.60238E-01  3.99394E-01  4.74675E-01  3.85044E-01  9.94872E-02  1.16894E-01 -6.42509E-02 -4.80064E-01  0.00000E+00  0.00000E+00 -4.08017E-01  0.00000E+00  0.00000E+00  0.00000E+00  0.00000E+00 -4.14279E-01  0.00000E+00  0.00000E+00 -3.41604E-01 -1.62654E-01  0.00000E+00  0.00000E+00 -6.75788E-01 -5.72481E-01 -5.83613E-01  0.00000E+00  0.00000E+00  5.75621E-01  5.76269E-01  5.62882E-01 -5.58774E-02  0.00000E+00  0.00000E+00 -5.24824E-01 -4.48681E-01 -5.87767E-01 -2.93613E-01 -3.79906E-02  0.00000E+00  0.00000E+00 -6.51961E-01 -6.39069E-01 -6.43458E-01 -4.52176E-01  7.03845E-02  1.68097E-01  0.00000E+00  0.00000E+00 -1.91554E-01 -4.00188E-01 -3.62970E-01  8.08054E-02  1.14259E-01  5.24770E-02 -2.77418E-02  0.00000E+00  0.00000E+00  6.77089E-01  6.87298E-01  6.93197E-01 -4.73704E-01  2.59942E-01 -3.55390E-01 -2.87245E-01  1.06098E-02  0.00000E+00  0.00000E+00 -6.75165E-01 -6.75020E-01 -6.63511E-01  5.97181E-01 -2.67078E-01 -1.65332E-01 -9.33945E-02 -2.96240E-01  5.57442E-01  0.00000E+00  0.00000E+00 -6.06629E-01 -6.35592E-01 -6.53575E-01  2.76712E-01 -5.46284E-02 -2.45814E-02  2.60122E-02 -8.45392E-02 -5.55638E-01  1.23567E-04
 THETA13       0.00000E+00  0.00000E+00  0.00000E+00  3.80374E-01  6.94479E-01 -2.46006E-01 -3.17754E-01  0.00000E+00 -8.07919E-01 -5.16160E-01 -5.07655E-01  6.23063E-01  1.64102E-02 -5.02007E-01 -5.60157E-01 -8.18307E-01  5.32793E-01  6.47233E-01  5.16301E-01  1.00900E-01  1.69246E-01 -1.13554E-01 -6.43592E-01  0.00000E+00  0.00000E+00 -3.46221E-01  0.00000E+00  0.00000E+00  0.00000E+00  0.00000E+00 -5.18233E-01  0.00000E+00  0.00000E+00 -4.41574E-01 -2.70913E-01  0.00000E+00  0.00000E+00 -7.92020E-01 -7.48573E-01 -6.97705E-01  0.00000E+00  0.00000E+00  6.28429E-01  6.09892E-01  6.39038E-01  8.67164E-02  0.00000E+00  0.00000E+00 -5.58352E-01 -5.24935E-01 -4.92910E-01 -3.17563E-01 -9.08481E-02  0.00000E+00  0.00000E+00 -8.12944E-01 -8.14742E-01 -8.12803E-01 -5.45731E-01  5.20003E-02  1.63007E-01  0.00000E+00  0.00000E+00 -3.46799E-01 -6.18402E-01 -6.21344E-01  5.70486E-02  1.28582E-01  1.86625E-03 -4.89027E-02  0.00000E+00  0.00000E+00  8.33066E-01  8.35153E-01  8.30255E-01 -4.78612E-01  2.85206E-01 -4.34730E-01 -3.01401E-01  1.46963E-02  0.00000E+00  0.00000E+00 -8.21781E-01 -8.22054E-01 -8.05581E-01  7.27041E-01 -3.30474E-01 -1.97109E-01 -1.05321E-01 -3.61053E-01  6.86875E-01  0.00000E+00  0.00000E+00 -6.16585E-01 -6.38354E-01 -6.59344E-01  3.57931E-01 -1.03867E-02  4.14337E-03  7.25786E-03 -1.85838E-02 -6.69596E-01 -6.65630E-02
 THETA14       0.00000E+00  0.00000E+00  0.00000E+00 -3.49262E-01 -7.07309E-01  3.68250E-01  3.58369E-01  0.00000E+00  6.73924E-01  9.06970E-01  6.03610E-01 -3.73888E-01 -5.02007E-01  1.96600E-01  4.00508E-01  6.81397E-01 -4.13862E-01 -5.29708E-01 -4.05497E-01  5.00838E-02 -5.90275E-02 -8.35305E-02  3.52319E-01  0.00000E+00  0.00000E+00  1.35341E-01  0.00000E+00  0.00000E+00  0.00000E+00  0.00000E+00  7.79408E-01  0.00000E+00  0.00000E+00  7.51336E-01  6.46597E-01  0.00000E+00  0.00000E+00  6.95795E-01  7.25967E-01  1.93360E-01  0.00000E+00  0.00000E+00 -2.08971E-01 -1.87601E-01 -1.93263E-01 -2.97164E-01  0.00000E+00  0.00000E+00  5.92743E-01  4.89318E-01  1.63013E-01  5.76538E-01  8.89598E-02  0.00000E+00  0.00000E+00  7.20543E-01  7.24044E-01  7.26945E-01  4.83515E-01 -1.90649E-02 -8.51655E-02  0.00000E+00  0.00000E+00  3.99296E-01  6.02523E-01  6.59192E-01 -1.26631E-01 -5.57671E-02  7.35748E-02  7.89448E-02  0.00000E+00  0.00000E+00 -4.80054E-01 -4.82361E-01 -4.74451E-01  2.11263E-01 -2.61098E-01  4.33907E-01  3.22958E-01 -2.53432E-02  0.00000E+00  0.00000E+00  6.02777E-01  5.99475E-01  5.72357E-01 -4.33457E-01  2.45845E-01  1.14443E-01  6.32195E-02  1.98141E-01 -4.66168E-01  0.00000E+00  0.00000E+00  1.18437E-01  1.79067E-01  2.67404E-01 -4.99839E-01  8.53353E-02 -4.90081E-03 -5.61702E-02  1.41035E-02  4.45681E-01 -1.34317E-02
 THETA15       0.00000E+00  0.00000E+00  0.00000E+00 -2.25880E-01 -6.27847E-01  3.15607E-01  3.98629E-01  0.00000E+00  6.43710E-01  4.17583E-01  7.89267E-01 -5.27434E-01 -5.60157E-01  4.00508E-01  7.52071E-01  6.46894E-01 -4.20947E-01 -5.19015E-01 -4.16596E-01 -3.66052E-02 -1.86906E-01  4.57665E-03  4.56352E-01  0.00000E+00  0.00000E+00  2.61782E-01  0.00000E+00  0.00000E+00  0.00000E+00  0.00000E+00  5.60735E-01  0.00000E+00  0.00000E+00  5.05428E-01  3.59940E-01  0.00000E+00  0.00000E+00  7.31093E-01  7.05828E-01  5.00722E-01  0.00000E+00  0.00000E+00 -3.53404E-01 -3.30381E-01 -3.51361E-01 -1.61368E-01  0.00000E+00  0.00000E+00  5.99797E-01  5.94656E-01  5.40589E-01  3.87865E-01  6.24225E-02  0.00000E+00  0.00000E+00  6.86205E-01  6.84902E-01  6.84205E-01  3.85600E-01 -2.22639E-02 -1.24800E-01  0.00000E+00  0.00000E+00  2.75283E-01  4.57416E-01  4.55732E-01 -1.54334E-01 -6.91096E-02 -1.67537E-02 -2.30308E-02  0.00000E+00  0.00000E+00 -6.47242E-01 -6.49107E-01 -6.45557E-01  3.74727E-01 -2.86506E-01  3.60729E-01  2.52668E-01  2.04994E-02  0.00000E+00  0.00000E+00  6.69703E-01  6.69079E-01  6.55796E-01 -5.94954E-01  2.63826E-01  1.74002E-01  1.10743E-01  3.18803E-01 -5.77533E-01  0.00000E+00  0.00000E+00  4.45224E-01  4.60827E-01  4.81075E-01 -3.34061E-01  1.57584E-01  6.16851E-02  1.61039E-03  6.28972E-02  5.71061E-01 -1.52338E-02
 THETA16       0.00000E+00  0.00000E+00  0.00000E+00 -4.24152E-01 -8.56566E-01  3.71972E-01  4.02664E-01  0.00000E+00  9.86812E-01  6.97096E-01  6.69464E-01 -6.60238E-01 -8.18307E-01  6.81397E-01  6.46894E-01  5.83234E-01 -6.04216E-01 -7.61971E-01 -6.08103E-01 -5.43551E-02 -1.40367E-01  3.73186E-02  6.45080E-01  0.00000E+00  0.00000E+00  4.18170E-01  0.00000E+00  0.00000E+00  0.00000E+00  0.00000E+00  7.20689E-01  0.00000E+00  0.00000E+00  6.50091E-01  4.62810E-01  0.00000E+00  0.00000E+00  9.37730E-01  8.98551E-01  6.68114E-01  0.00000E+00  0.00000E+00 -6.41046E-01 -6.09484E-01 -6.36197E-01 -1.44766E-01  0.00000E+00  0.00000E+00  6.81711E-01  6.22338E-01  4.59803E-01  5.02502E-01  7.86941E-02  0.00000E+00  0.00000E+00  9.65426E-01  9.68502E-01  9.66324E-01  6.33635E-01 -7.49195E-02 -1.59839E-01  0.00000E+00  0.00000E+00  4.37967E-01  7.45945E-01  7.74042E-01 -1.17146E-01 -1.34643E-01  4.26143E-02  8.42475E-02  0.00000E+00  0.00000E+00 -8.79844E-01 -8.84586E-01 -8.77527E-01  4.89831E-01 -3.66334E-01  5.49690E-01  4.05374E-01 -1.11503E-02  0.00000E+00  0.00000E+00  9.28216E-01  9.24711E-01  8.96849E-01 -7.78679E-01  3.89340E-01  2.19283E-01  1.13083E-01  3.87492E-01 -7.49303E-01  0.00000E+00  0.00000E+00  5.76964E-01  6.17363E-01  6.66729E-01 -4.84437E-01  9.99715E-02 -3.60171E-03 -7.01139E-02  4.02705E-02  7.33550E-01  1.99846E-02
 THETA17       0.00000E+00  0.00000E+00  0.00000E+00  2.23043E-01  4.96708E-01 -1.74742E-01 -2.40469E-01  0.00000E+00 -6.02473E-01 -4.18321E-01 -4.39603E-01  3.99394E-01  5.32793E-01 -4.13862E-01 -4.20947E-01 -6.04216E-01  6.28909E-01  6.30151E-01  1.72257E-01  1.16416E-02  1.29973E-01 -1.93032E-01 -4.45791E-01  0.00000E+00  0.00000E+00 -2.69641E-01  0.00000E+00  0.00000E+00  0.00000E+00  0.00000E+00 -4.22265E-01  0.00000E+00  0.00000E+00 -3.83353E-01 -2.80082E-01  0.00000E+00  0.00000E+00 -5.80168E-01 -5.87799E-01 -4.79488E-01  0.00000E+00  0.00000E+00  3.99829E-01  3.72382E-01  3.97096E-01  8.22271E-02  0.00000E+00  0.00000E+00 -4.70600E-01 -4.59883E-01 -3.97864E-01 -2.95991E-01 -1.47769E-01  0.00000E+00  0.00000E+00 -6.02202E-01 -6.05436E-01 -6.14596E-01 -3.70025E-01 -7.56579E-02  1.08179E-01  0.00000E+00  0.00000E+00 -2.14905E-01 -4.29977E-01 -4.78670E-01  8.82793E-02  1.65894E-02  4.09782E-02  6.07182E-02  0.00000E+00  0.00000E+00  5.97756E-01  5.99575E-01  5.93633E-01 -2.74658E-01  2.61645E-01 -3.42456E-01 -2.98775E-01 -3.05359E-02  0.00000E+00  0.00000E+00 -6.01209E-01 -5.98754E-01 -5.80548E-01  5.21651E-01 -2.76977E-01 -1.49584E-01 -7.79409E-02 -2.72222E-01  5.01179E-01  0.00000E+00  0.00000E+00 -3.47653E-01 -3.67096E-01 -3.96949E-01  3.04734E-01 -5.87394E-02 -1.76725E-02  6.97982E-02 -1.66827E-02 -4.63966E-01 -1.91073E-01
 THETA18       0.00000E+00  0.00000E+00  0.00000E+00  3.41064E-01  7.60083E-01 -2.58016E-01 -3.71701E-01  0.00000E+00 -7.54734E-01 -5.53337E-01 -5.75045E-01  4.74675E-01  6.47233E-01 -5.29708E-01 -5.19015E-01 -7.61971E-01  6.30151E-01  3.80940E-01  7.37036E-01  1.42600E-02  1.03776E-01 -3.06412E-02 -4.95992E-01  0.00000E+00  0.00000E+00 -3.43475E-01  0.00000E+00  0.00000E+00  0.00000E+00  0.00000E+00 -5.90746E-01  0.00000E+00  0.00000E+00 -5.57149E-01 -4.34563E-01  0.00000E+00  0.00000E+00 -7.53715E-01 -7.69926E-01 -5.27207E-01  0.00000E+00  0.00000E+00  4.27218E-01  3.90899E-01  4.38591E-01  1.85263E-01  0.00000E+00  0.00000E+00 -5.76208E-01 -5.26417E-01 -3.96113E-01 -4.13321E-01 -1.46481E-01  0.00000E+00  0.00000E+00 -7.68611E-01 -7.72292E-01 -7.73574E-01 -4.88546E-01  6.00077E-02  3.76095E-01  0.00000E+00  0.00000E+00 -3.16009E-01 -5.86183E-01 -6.31733E-01  1.14698E-01  1.55867E-01  1.08594E-01 -1.09884E-01  0.00000E+00  0.00000E+00  7.17189E-01  7.17322E-01  7.07404E-01 -3.37375E-01  3.17344E-01 -4.91109E-01 -3.92226E-01 -1.54176E-02  0.00000E+00  0.00000E+00 -7.41508E-01 -7.40667E-01 -7.14928E-01  6.24254E-01 -3.25807E-01 -1.51429E-01 -4.96629E-02 -3.17874E-01  5.95385E-01  0.00000E+00  0.00000E+00 -3.88942E-01 -4.17344E-01 -4.62781E-01  4.18314E-01 -9.61911E-02 -3.69202E-02  3.42299E-02 -3.16280E-02 -5.77441E-01 -3.62631E-02
 THETA19       0.00000E+00  0.00000E+00  0.00000E+00  2.90193E-01  6.48247E-01 -2.06011E-01 -3.11246E-01  0.00000E+00 -6.00754E-01 -4.22877E-01 -4.41242E-01  3.85044E-01  5.16301E-01 -4.05497E-01 -4.16596E-01 -6.08103E-01  1.72257E-01  7.37036E-01  1.14554E+00  3.66471E-02  6.21478E-02 -9.90127E-03 -3.76427E-01  0.00000E+00  0.00000E+00 -2.75439E-01  0.00000E+00  0.00000E+00  0.00000E+00  0.00000E+00 -4.67386E-01  0.00000E+00  0.00000E+00 -4.42584E-01 -3.40802E-01  0.00000E+00  0.00000E+00 -6.13508E-01 -6.24496E-01 -4.46434E-01  0.00000E+00  0.00000E+00  3.46892E-01  3.11688E-01  3.62867E-01  1.46481E-01  0.00000E+00  0.00000E+00 -4.54639E-01 -4.14387E-01 -3.01816E-01 -3.34540E-01 -1.11602E-01  0.00000E+00  0.00000E+00 -6.23237E-01 -6.25990E-01 -6.25552E-01 -3.99323E-01  1.10110E-01  2.08402E-01  0.00000E+00  0.00000E+00 -2.92924E-01 -5.03814E-01 -5.64736E-01  1.09115E-01  1.96082E-01 -8.52354E-02 -2.72451E-01  0.00000E+00  0.00000E+00  5.82235E-01  5.82698E-01  5.70255E-01 -2.74306E-01  2.15251E-01 -4.17216E-01 -2.83829E-01 -4.21940E-03  0.00000E+00  0.00000E+00 -5.93812E-01 -5.94745E-01 -5.74789E-01  5.03126E-01 -2.59844E-01 -9.14179E-02 -1.83611E-02 -2.27561E-01  4.70012E-01  0.00000E+00  0.00000E+00 -3.27378E-01 -3.48606E-01 -3.79921E-01  3.25353E-01 -3.76426E-02 -2.08647E-02  1.18165E-02 -6.46982E-02 -4.58622E-01 -8.95241E-03
 THETA20       0.00000E+00  0.00000E+00  0.00000E+00  3.92354E-02 -3.18621E-02  6.06756E-02  6.59027E-02  0.00000E+00 -6.72655E-02  9.57781E-02  9.49721E-02  9.94872E-02  1.00900E-01  5.00838E-02 -3.66052E-02 -5.43551E-02  1.16416E-02  1.42600E-02  3.66471E-02  1.91529E-02  2.16248E-02 -7.75224E-02 -1.20795E-01  0.00000E+00  0.00000E+00 -9.26489E-02  0.00000E+00  0.00000E+00  0.00000E+00  0.00000E+00  1.53416E-01  0.00000E+00  0.00000E+00  1.77005E-01  2.15633E-01  0.00000E+00  0.00000E+00 -2.19614E-02  3.00017E-02 -2.37485E-01  0.00000E+00  0.00000E+00  2.19380E-01  2.21550E-01  2.45080E-01 -1.75124E-01  0.00000E+00  0.00000E+00  1.91465E-02  1.15765E-02 -1.03059E-01  1.23386E-01  2.72711E-02  0.00000E+00  0.00000E+00 -2.05744E-02 -1.89650E-02 -2.27246E-02  3.30205E-02  3.28270E-02 -3.15931E-02  0.00000E+00  0.00000E+00  2.75839E-02  4.50074E-04 -4.19939E-02  6.26550E-02 -2.03049E-02 -7.41533E-02 -9.96598E-03  0.00000E+00  0.00000E+00  1.32489E-01  1.38561E-01  1.46081E-01 -1.17640E-01  3.01584E-03 -1.51455E-02 -1.25248E-02  9.19517E-01  0.00000E+00  0.00000E+00 -7.35690E-02 -7.46272E-02 -8.02358E-02  9.22141E-02 -3.00795E-02 -1.89567E-02  1.89404E-02 -4.08084E-02  6.97882E-02  0.00000E+00  0.00000E+00 -2.28115E-01 -2.18571E-01 -1.95938E-01 -8.62473E-02  2.22949E-02  1.82938E-03 -5.36179E-02 -1.22496E-02 -7.57258E-02 -1.39791E-02
 THETA21       0.00000E+00  0.00000E+00  0.00000E+00  5.89881E-02  1.55393E-02  5.06108E-02 -4.80577E-02  0.00000E+00 -1.34188E-01 -3.96562E-02 -1.18746E-01  1.16894E-01  1.69246E-01 -5.90275E-02 -1.86906E-01 -1.40367E-01  1.29973E-01  1.03776E-01  6.21478E-02  2.16248E-02  3.53139E-03 -7.08167E-02 -1.27613E-01  0.00000E+00  0.00000E+00 -2.39348E-01  0.00000E+00  0.00000E+00  0.00000E+00  0.00000E+00 -1.71200E-01  0.00000E+00  0.00000E+00 -1.25940E-01 -4.59277E-02  0.00000E+00  0.00000E+00 -2.50289E-01 -1.93569E-01 -2.14909E-01  0.00000E+00  0.00000E+00  2.59808E-01  2.46831E-01  2.04260E-01  1.70750E-02  0.00000E+00  0.00000E+00 -3.19407E-01 -4.15185E-01 -4.64954E-01  1.92375E-02 -9.95050E-02  0.00000E+00  0.00000E+00 -2.03631E-01 -2.01541E-01 -1.94313E-01 -1.23388E-01 -3.48996E-02  5.58563E-02  0.00000E+00  0.00000E+00  1.08807E-01  6.06420E-02  1.32957E-01 -6.96232E-02  5.06886E-02  1.31216E-01  1.38709E-01  0.00000E+00  0.00000E+00  3.21707E-01  3.17679E-01  3.14231E-01 -1.88001E-01  1.03515E-01 -5.49710E-02 -1.29293E-02 -1.66092E-01  0.00000E+00  0.00000E+00 -3.92728E-01 -4.04054E-01 -4.77838E-01  5.79250E-01  8.19480E-02 -3.75953E-01 -4.92282E-01 -4.17437E-01  7.30700E-01  0.00000E+00  0.00000E+00 -2.49964E-01 -2.49848E-01 -2.43771E-01  4.55649E-02  2.05795E-02  3.84990E-02  3.28511E-02 -2.26613E-02 -7.25285E-01 -5.81024E-02
 THETA22       0.00000E+00  0.00000E+00  0.00000E+00  6.77280E-03  3.13848E-02 -2.85102E-02 -1.02690E-01  0.00000E+00  5.07478E-02 -1.16027E-01 -1.10357E-01 -6.42509E-02 -1.13554E-01 -8.35305E-02  4.57665E-03  3.73186E-02 -1.93032E-01 -3.06412E-02 -9.90127E-03 -7.75224E-02 -7.08167E-02  1.55427E-02  1.69783E-01  0.00000E+00  0.00000E+00  1.16546E-01  0.00000E+00  0.00000E+00  0.00000E+00  0.00000E+00 -1.44644E-01  0.00000E+00  0.00000E+00 -1.75411E-01 -2.12034E-01  0.00000E+00  0.00000E+00  2.05165E-02 -5.05314E-03  2.33096E-01  0.00000E+00  0.00000E+00 -2.05787E-01 -2.15365E-01 -2.19698E-01  1.83337E-01  0.00000E+00  0.00000E+00  3.64461E-03  5.55693E-02  1.41860E-01 -4.42882E-02 -1.75047E-02  0.00000E+00  0.00000E+00  2.16735E-02  2.30200E-02  1.53763E-02  7.18300E-02 -2.57659E-02 -2.21487E-02  0.00000E+00  0.00000E+00 -4.00342E-02  1.25633E-04 -2.82134E-03  1.36316E-02  3.07389E-02 -1.62427E-02 -2.94526E-02  0.00000E+00  0.00000E+00 -1.52634E-01 -1.59170E-01 -1.66318E-01  1.04392E-01 -5.16102E-03  1.82932E-03 -3.47609E-02 -2.10241E-02  0.00000E+00  0.00000E+00  8.89246E-02  9.17836E-02  1.00668E-01 -1.24694E-01  3.78637E-02  3.93553E-02  3.47352E-02  5.34343E-02 -1.03838E-01  0.00000E+00  0.00000E+00  2.38356E-01  2.29419E-01  2.18949E-01  2.14399E-02 -3.30981E-01 -1.26846E-02  4.75838E-02  3.13778E-02 -5.20716E-02  9.75070E-01
 SIGMA(1,1)    0.00000E+00  0.00000E+00  0.00000E+00 -2.62776E-01 -5.19740E-01  1.92648E-01  9.52001E-02  0.00000E+00  6.51115E-01  3.17063E-01  3.16062E-01 -4.80064E-01 -6.43592E-01  3.52319E-01  4.56352E-01  6.45080E-01 -4.45791E-01 -4.95992E-01 -3.76427E-01 -1.20795E-01 -1.27613E-01  1.69783E-01  2.30385E-03  0.00000E+00  0.00000E+00  2.14803E-01  0.00000E+00  0.00000E+00  0.00000E+00  0.00000E+00  2.78671E-01  0.00000E+00  0.00000E+00  1.95631E-01  2.12853E-02  0.00000E+00  0.00000E+00  6.25529E-01  5.28206E-01  6.80688E-01  0.00000E+00  0.00000E+00 -6.53116E-01 -6.39823E-01 -6.58858E-01  7.67952E-02  0.00000E+00  0.00000E+00  3.99045E-01  3.95050E-01  4.07255E-01  2.17378E-01  5.13909E-02  0.00000E+00  0.00000E+00  6.20294E-01  6.20254E-01  6.18679E-01  4.46903E-01 -5.12265E-02 -1.18464E-01  0.00000E+00  0.00000E+00  2.68363E-01  4.78692E-01  4.80569E-01 -4.72895E-02 -1.15809E-01  2.15246E-03  2.36105E-02  0.00000E+00  0.00000E+00 -7.02968E-01 -7.12564E-01 -7.15785E-01  4.34438E-01 -2.38117E-01  3.64053E-01  2.70545E-01 -4.33021E-02  0.00000E+00  0.00000E+00  6.70524E-01  6.69886E-01  6.58645E-01 -5.98467E-01  2.61245E-01  1.58792E-01  8.42858E-02  2.57512E-01 -5.58372E-01  0.00000E+00  0.00000E+00  6.58785E-01  6.71146E-01  6.86413E-01 -2.60114E-01 -2.00532E-02 -4.29329E-02  9.34049E-04  6.81502E-02  5.46289E-01  8.00000E-02
 SIGMA(2,1)    0.00000E+00  0.00000E+00  0.00000E+00  0.00000E+00  0.00000E+00  0.00000E+00  0.00000E+00  0.00000E+00  0.00000E+00  0.00000E+00  0.00000E+00  0.00000E+00  0.00000E+00  0.00000E+00  0.00000E+00  0.00000E+00  0.00000E+00  0.00000E+00  0.00000E+00  0.00000E+00  0.00000E+00  0.00000E+00  0.00000E+00  0.00000E+00  0.00000E+00  0.00000E+00  0.00000E+00  0.00000E+00  0.00000E+00  0.00000E+00  0.00000E+00  0.00000E+00  0.00000E+00  0.00000E+00  0.00000E+00  0.00000E+00  0.00000E+00  0.00000E+00  0.00000E+00  0.00000E+00  0.00000E+00  0.00000E+00  0.00000E+00  0.00000E+00  0.00000E+00  0.00000E+00  0.00000E+00  0.00000E+00  0.00000E+00  0.00000E+00  0.00000E+00  0.00000E+00  0.00000E+00  0.00000E+00  0.00000E+00  0.00000E+00  0.00000E+00  0.00000E+00  0.00000E+00  0.00000E+00  0.00000E+00  0.00000E+00  0.00000E+00  0.00000E+00  0.00000E+00  0.00000E+00  0.00000E+00  0.00000E+00  0.00000E+00  0.00000E+00  0.00000E+00  0.00000E+00  0.00000E+00  0.00000E+00  0.00000E+00  0.00000E+00  0.00000E+00  0.00000E+00  0.00000E+00  0.00000E+00  0.00000E+00  0.00000E+00  0.00000E+00  0.00000E+00  0.00000E+00  0.00000E+00  0.00000E+00  0.00000E+00  0.00000E+00  0.00000E+00  0.00000E+00  0.00000E+00  0.00000E+00  0.00000E+00  0.00000E+00  0.00000E+00  0.00000E+00  0.00000E+00  0.00000E+00  0.00000E+00  0.00000E+00  0.00000E+00  0.00000E+00
 SIGMA(2,2)    0.00000E+00  0.00000E+00  0.00000E+00  0.00000E+00  0.00000E+00  0.00000E+00  0.00000E+00  0.00000E+00  0.00000E+00  0.00000E+00  0.00000E+00  0.00000E+00  0.00000E+00  0.00000E+00  0.00000E+00  0.00000E+00  0.00000E+00  0.00000E+00  0.00000E+00  0.00000E+00  0.00000E+00  0.00000E+00  0.00000E+00  0.00000E+00  0.00000E+00  0.00000E+00  0.00000E+00  0.00000E+00  0.00000E+00  0.00000E+00  0.00000E+00  0.00000E+00  0.00000E+00  0.00000E+00  0.00000E+00  0.00000E+00  0.00000E+00  0.00000E+00  0.00000E+00  0.00000E+00  0.00000E+00  0.00000E+00  0.00000E+00  0.00000E+00  0.00000E+00  0.00000E+00  0.00000E+00  0.00000E+00  0.00000E+00  0.00000E+00  0.00000E+00  0.00000E+00  0.00000E+00  0.00000E+00  0.00000E+00  0.00000E+00  0.00000E+00  0.00000E+00  0.00000E+00  0.00000E+00  0.00000E+00  0.00000E+00  0.00000E+00  0.00000E+00  0.00000E+00  0.00000E+00  0.00000E+00  0.00000E+00  0.00000E+00  0.00000E+00  0.00000E+00  0.00000E+00  0.00000E+00  0.00000E+00  0.00000E+00  0.00000E+00  0.00000E+00  0.00000E+00  0.00000E+00  0.00000E+00  0.00000E+00  0.00000E+00  0.00000E+00  0.00000E+00  0.00000E+00  0.00000E+00  0.00000E+00  0.00000E+00  0.00000E+00  0.00000E+00  0.00000E+00  0.00000E+00  0.00000E+00  0.00000E+00  0.00000E+00  0.00000E+00  0.00000E+00  0.00000E+00  0.00000E+00  0.00000E+00  0.00000E+00  0.00000E+00  0.00000E+00
 OMEGA(1,1)    0.00000E+00  0.00000E+00  0.00000E+00 -6.67116E-02 -2.29600E-01  9.55215E-02  6.76956E-02  0.00000E+00  4.27980E-01  9.43881E-02  1.28054E-01 -4.08017E-01 -3.46221E-01  1.35341E-01  2.61782E-01  4.18170E-01 -2.69641E-01 -3.43475E-01 -2.75439E-01 -9.26489E-02 -2.39348E-01  1.16546E-01  2.14803E-01  0.00000E+00  0.00000E+00  1.13012E-02  0.00000E+00  0.00000E+00  0.00000E+00  0.00000E+00  1.19087E-01  0.00000E+00  0.00000E+00  7.15424E-02 -4.42630E-02  0.00000E+00  0.00000E+00  3.96519E-01  3.29071E-01  5.11707E-01  0.00000E+00  0.00000E+00 -5.16850E-01 -5.21515E-01 -5.13266E-01  1.19013E-01  0.00000E+00  0.00000E+00  3.13839E-01  3.34826E-01  4.35727E-01  1.04228E-01  3.77196E-02  0.00000E+00  0.00000E+00  3.93394E-01  3.90750E-01  3.93665E-01  2.40544E-01 -4.09460E-02 -9.17129E-02  0.00000E+00  0.00000E+00 -3.20751E-03  1.77661E-01  2.06424E-01 -1.06068E-01 -1.17710E-01 -6.64517E-02  2.82284E-02  0.00000E+00  0.00000E+00 -5.14583E-01 -5.23387E-01 -5.29750E-01  3.33713E-01 -1.50415E-01  2.30573E-01  1.69880E-01  3.16274E-02  0.00000E+00  0.00000E+00  4.85887E-01  4.91200E-01  4.96288E-01 -5.07110E-01  1.08652E-01  1.31195E-01  1.07392E-01  2.72125E-01 -4.77375E-01  0.00000E+00  0.00000E+00  5.00843E-01  4.99293E-01  4.93406E-01 -1.14308E-01  4.34031E-02 -1.27225E-02 -5.09596E-02  2.83101E-02  4.78429E-01  3.74481E-02
 OMEGA(2,1)    0.00000E+00  0.00000E+00  0.00000E+00  0.00000E+00  0.00000E+00  0.00000E+00  0.00000E+00  0.00000E+00  0.00000E+00  0.00000E+00  0.00000E+00  0.00000E+00  0.00000E+00  0.00000E+00  0.00000E+00  0.00000E+00  0.00000E+00  0.00000E+00  0.00000E+00  0.00000E+00  0.00000E+00  0.00000E+00  0.00000E+00  0.00000E+00  0.00000E+00  0.00000E+00  0.00000E+00  0.00000E+00  0.00000E+00  0.00000E+00  0.00000E+00  0.00000E+00  0.00000E+00  0.00000E+00  0.00000E+00  0.00000E+00  0.00000E+00  0.00000E+00  0.00000E+00  0.00000E+00  0.00000E+00  0.00000E+00  0.00000E+00  0.00000E+00  0.00000E+00  0.00000E+00  0.00000E+00  0.00000E+00  0.00000E+00  0.00000E+00  0.00000E+00  0.00000E+00  0.00000E+00  0.00000E+00  0.00000E+00  0.00000E+00  0.00000E+00  0.00000E+00  0.00000E+00  0.00000E+00  0.00000E+00  0.00000E+00  0.00000E+00  0.00000E+00  0.00000E+00  0.00000E+00  0.00000E+00  0.00000E+00  0.00000E+00  0.00000E+00  0.00000E+00  0.00000E+00  0.00000E+00  0.00000E+00  0.00000E+00  0.00000E+00  0.00000E+00  0.00000E+00  0.00000E+00  0.00000E+00  0.00000E+00  0.00000E+00  0.00000E+00  0.00000E+00  0.00000E+00  0.00000E+00  0.00000E+00  0.00000E+00  0.00000E+00  0.00000E+00  0.00000E+00  0.00000E+00  0.00000E+00  0.00000E+00  0.00000E+00  0.00000E+00  0.00000E+00  0.00000E+00  0.00000E+00  0.00000E+00  0.00000E+00  0.00000E+00  0.00000E+00
 OMEGA(2,2)    0.00000E+00  0.00000E+00  0.00000E+00  0.00000E+00  0.00000E+00  0.00000E+00  0.00000E+00  0.00000E+00  0.00000E+00  0.00000E+00  0.00000E+00  0.00000E+00  0.00000E+00  0.00000E+00  0.00000E+00  0.00000E+00  0.00000E+00  0.00000E+00  0.00000E+00  0.00000E+00  0.00000E+00  0.00000E+00  0.00000E+00  0.00000E+00  0.00000E+00  0.00000E+00  0.00000E+00  0.00000E+00  0.00000E+00  0.00000E+00  0.00000E+00  0.00000E+00  0.00000E+00  0.00000E+00  0.00000E+00  0.00000E+00  0.00000E+00  0.00000E+00  0.00000E+00  0.00000E+00  0.00000E+00  0.00000E+00  0.00000E+00  0.00000E+00  0.00000E+00  0.00000E+00  0.00000E+00  0.00000E+00  0.00000E+00  0.00000E+00  0.00000E+00  0.00000E+00  0.00000E+00  0.00000E+00  0.00000E+00  0.00000E+00  0.00000E+00  0.00000E+00  0.00000E+00  0.00000E+00  0.00000E+00  0.00000E+00  0.00000E+00  0.00000E+00  0.00000E+00  0.00000E+00  0.00000E+00  0.00000E+00  0.00000E+00  0.00000E+00  0.00000E+00  0.00000E+00  0.00000E+00  0.00000E+00  0.00000E+00  0.00000E+00  0.00000E+00  0.00000E+00  0.00000E+00  0.00000E+00  0.00000E+00  0.00000E+00  0.00000E+00  0.00000E+00  0.00000E+00  0.00000E+00  0.00000E+00  0.00000E+00  0.00000E+00  0.00000E+00  0.00000E+00  0.00000E+00  0.00000E+00  0.00000E+00  0.00000E+00  0.00000E+00  0.00000E+00  0.00000E+00  0.00000E+00  0.00000E+00  0.00000E+00  0.00000E+00  0.00000E+00
