TABLE NO.     1: First Order Conditional Estimation with Interaction: Problem=1 Subproblem=0 Superproblem1=0 Iteration1=0 Superproblem2=0 Iteration2=0
 NAME         THETA1       THETA2       THETA3       THETA4       THETA5       THETA6       THETA7       THETA8       THETA9       THETA10      THETA11      THETA12      THETA13      THETA14      THETA15      THETA16      SIGMA(1,1)   OMEGA(1,1)   OMEGA(2,1)   OMEGA(2,2)   OMEGA(3,1)   OMEGA(3,2)   OMEGA(3,3)   OMEGA(4,1)   OMEGA(4,2)   OMEGA(4,3)   OMEGA(4,4)   OMEGA(5,1)   OMEGA(5,2)   OMEGA(5,3)   OMEGA(5,4)   OMEGA(5,5)
 THETA1        0.00000E+00  0.00000E+00  0.00000E+00  0.00000E+00  0.00000E+00  0.00000E+00  0.00000E+00  0.00000E+00  0.00000E+00  0.00000E+00  0.00000E+00  0.00000E+00  0.00000E+00  0.00000E+00  0.00000E+00  0.00000E+00  0.00000E+00  0.00000E+00  0.00000E+00  0.00000E+00  0.00000E+00  0.00000E+00  0.00000E+00  0.00000E+00  0.00000E+00  0.00000E+00  0.00000E+00  0.00000E+00  0.00000E+00  0.00000E+00  0.00000E+00  0.00000E+00
 THETA2        0.00000E+00  0.00000E+00  0.00000E+00  0.00000E+00  0.00000E+00  0.00000E+00  0.00000E+00  0.00000E+00  0.00000E+00  0.00000E+00  0.00000E+00  0.00000E+00  0.00000E+00  0.00000E+00  0.00000E+00  0.00000E+00  0.00000E+00  0.00000E+00  0.00000E+00  0.00000E+00  0.00000E+00  0.00000E+00  0.00000E+00  0.00000E+00  0.00000E+00  0.00000E+00  0.00000E+00  0.00000E+00  0.00000E+00  0.00000E+00  0.00000E+00  0.00000E+00
 THETA3        0.00000E+00  0.00000E+00  0.00000E+00  0.00000E+00  0.00000E+00  0.00000E+00  0.00000E+00  0.00000E+00  0.00000E+00  0.00000E+00  0.00000E+00  0.00000E+00  0.00000E+00  0.00000E+00  0.00000E+00  0.00000E+00  0.00000E+00  0.00000E+00  0.00000E+00  0.00000E+00  0.00000E+00  0.00000E+00  0.00000E+00  0.00000E+00  0.00000E+00  0.00000E+00  0.00000E+00  0.00000E+00  0.00000E+00  0.00000E+00  0.00000E+00  0.00000E+00
 THETA4        0.00000E+00  0.00000E+00  0.00000E+00  1.13632E-01  2.05912E+00 -1.00665E-02 -1.90620E-04 -2.30823E-03  5.85579E-04 -9.16662E-05  2.17180E-03  9.04965E-03  2.41744E-02 -2.88957E-04  5.56294E-04  8.31370E-03  5.36382E-06  2.44805E-05  0.00000E+00 -5.49084E-04  0.00000E+00  0.00000E+00  1.39593E-04  0.00000E+00  0.00000E+00  0.00000E+00 -4.73248E-05  0.00000E+00  0.00000E+00  0.00000E+00  0.00000E+00  8.32958E-05
 THETA5        0.00000E+00  0.00000E+00  0.00000E+00  2.05912E+00  7.96192E+01 -7.11346E-01 -2.36870E-02  1.70631E-01  1.11261E-01  6.71675E-02  1.00200E-01  3.25822E-01  9.28076E-01 -6.19355E-04  8.93441E-03  1.23074E-01  3.78942E-04  7.89143E-04  0.00000E+00 -8.64600E-03  0.00000E+00  0.00000E+00  2.37282E-03  0.00000E+00  0.00000E+00  0.00000E+00  4.41902E-03  0.00000E+00  0.00000E+00  0.00000E+00  0.00000E+00  1.11408E-03
 THETA6        0.00000E+00  0.00000E+00  0.00000E+00 -1.00665E-02 -7.11346E-01  2.29627E-02  4.96398E-04  4.02634E-04 -1.94241E-04 -3.60153E-04  1.83204E-04 -6.90027E-04 -3.91544E-03 -1.38523E-04 -1.44552E-05  5.52930E-04 -3.23374E-07 -3.27525E-05  0.00000E+00 -1.46606E-05  0.00000E+00  0.00000E+00 -1.53349E-05  0.00000E+00  0.00000E+00  0.00000E+00 -2.67812E-04  0.00000E+00  0.00000E+00  0.00000E+00  0.00000E+00  8.31252E-05
 THETA7        0.00000E+00  0.00000E+00  0.00000E+00 -1.90620E-04 -2.36870E-02  4.96398E-04  5.49975E-05  2.92298E-05  7.18795E-06  7.04492E-06  1.92970E-05  1.93954E-05  1.53072E-04 -2.68273E-06 -3.43729E-06 -2.64675E-06  3.76482E-07 -2.58581E-06  0.00000E+00 -2.94896E-06  0.00000E+00  0.00000E+00  4.13985E-06  0.00000E+00  0.00000E+00  0.00000E+00 -5.40691E-06  0.00000E+00  0.00000E+00  0.00000E+00  0.00000E+00  1.34181E-05
 THETA8        0.00000E+00  0.00000E+00  0.00000E+00 -2.30823E-03  1.70631E-01  4.02634E-04  2.92298E-05  3.49321E-02  6.80059E-04  7.32367E-04  1.33861E-02  1.49100E-03  6.42662E-03 -7.65819E-05 -2.37420E-04 -8.00083E-04 -6.04493E-06  5.00251E-06  0.00000E+00  3.70932E-04  0.00000E+00  0.00000E+00 -3.54010E-04  0.00000E+00  0.00000E+00  0.00000E+00  3.87429E-05  0.00000E+00  0.00000E+00  0.00000E+00  0.00000E+00  3.07918E-05
 THETA9        0.00000E+00  0.00000E+00  0.00000E+00  5.85579E-04  1.11261E-01 -1.94241E-04  7.18795E-06  6.80059E-04  2.62794E-03  2.16922E-04  1.82735E-04  3.25549E-03  1.62423E-03 -2.18317E-05  2.77847E-05  2.03656E-04 -1.95560E-07 -6.11953E-07  0.00000E+00 -2.00753E-05  0.00000E+00  0.00000E+00  2.78059E-05  0.00000E+00  0.00000E+00  0.00000E+00 -1.24586E-05  0.00000E+00  0.00000E+00  0.00000E+00  0.00000E+00  7.41865E-05
 THETA10       0.00000E+00  0.00000E+00  0.00000E+00 -9.16662E-05  6.71675E-02 -3.60153E-04  7.04492E-06  7.32367E-04  2.16922E-04  2.88659E-03  2.34564E-04  4.06479E-04  2.17594E-02 -2.00809E-05 -3.77115E-05 -9.65975E-05  7.64123E-07  2.99995E-06  0.00000E+00  8.96093E-05  0.00000E+00  0.00000E+00 -5.49404E-05  0.00000E+00  0.00000E+00  0.00000E+00  2.00643E-05  0.00000E+00  0.00000E+00  0.00000E+00  0.00000E+00  5.79515E-06
 THETA11       0.00000E+00  0.00000E+00  0.00000E+00  2.17180E-03  1.00200E-01  1.83204E-04  1.92970E-05  1.33861E-02  1.82735E-04  2.34564E-04  9.83387E-03  8.83637E-04  3.12698E-03 -6.82793E-06 -4.36028E-05 -1.26979E-03  1.00850E-06  2.52946E-06  0.00000E+00  9.52198E-05  0.00000E+00  0.00000E+00 -1.80662E-04  0.00000E+00  0.00000E+00  0.00000E+00  1.01816E-04  0.00000E+00  0.00000E+00  0.00000E+00  0.00000E+00 -1.53545E-05
 THETA12       0.00000E+00  0.00000E+00  0.00000E+00  9.04965E-03  3.25822E-01 -6.90027E-04  1.93954E-05  1.49100E-03  3.25549E-03  4.06479E-04  8.83637E-04  1.45323E-02  5.73414E-03  5.26440E-06 -8.27889E-05 -1.03441E-04 -1.54867E-07 -8.26284E-06  0.00000E+00 -1.11400E-04  0.00000E+00  0.00000E+00  3.09725E-05  0.00000E+00  0.00000E+00  0.00000E+00 -2.79547E-05  0.00000E+00  0.00000E+00  0.00000E+00  0.00000E+00  8.62145E-05
 THETA13       0.00000E+00  0.00000E+00  0.00000E+00  2.41744E-02  9.28076E-01 -3.91544E-03  1.53072E-04  6.42662E-03  1.62423E-03  2.17594E-02  3.12698E-03  5.73414E-03  3.00771E-01 -1.06728E-04 -4.44677E-04 -1.74548E-03  1.65555E-05  2.50086E-05  0.00000E+00  1.64022E-03  0.00000E+00  0.00000E+00 -6.64802E-04  0.00000E+00  0.00000E+00  0.00000E+00  4.09247E-04  0.00000E+00  0.00000E+00  0.00000E+00  0.00000E+00  7.22984E-05
 THETA14       0.00000E+00  0.00000E+00  0.00000E+00 -2.88957E-04 -6.19355E-04 -1.38523E-04 -2.68273E-06 -7.65819E-05 -2.18317E-05 -2.00809E-05 -6.82793E-06  5.26440E-06 -1.06728E-04  9.18103E-05 -2.29545E-06  2.14669E-06 -6.03939E-07  9.02997E-07  0.00000E+00  1.97902E-06  0.00000E+00  0.00000E+00 -5.66439E-06  0.00000E+00  0.00000E+00  0.00000E+00  2.60360E-05  0.00000E+00  0.00000E+00  0.00000E+00  0.00000E+00  1.77211E-06
 THETA15       0.00000E+00  0.00000E+00  0.00000E+00  5.56294E-04  8.93441E-03 -1.44552E-05 -3.43729E-06 -2.37420E-04  2.77847E-05 -3.77115E-05 -4.36028E-05 -8.27889E-05 -4.44677E-04 -2.29545E-06  1.00182E-04  4.54728E-05  6.65116E-07 -2.70849E-06  0.00000E+00 -1.16471E-06  0.00000E+00  0.00000E+00  7.05366E-06  0.00000E+00  0.00000E+00  0.00000E+00 -3.09097E-06  0.00000E+00  0.00000E+00  0.00000E+00  0.00000E+00 -1.12778E-05
 THETA16       0.00000E+00  0.00000E+00  0.00000E+00  8.31370E-03  1.23074E-01  5.52930E-04 -2.64675E-06 -8.00083E-04  2.03656E-04 -9.65975E-05 -1.26979E-03 -1.03441E-04 -1.74548E-03  2.14669E-06  4.54728E-05  6.37211E-03 -7.78783E-06  2.02960E-05  0.00000E+00 -2.61624E-04  0.00000E+00  0.00000E+00  5.17205E-05  0.00000E+00  0.00000E+00  0.00000E+00 -3.58173E-05  0.00000E+00  0.00000E+00  0.00000E+00  0.00000E+00  2.82952E-05
 SIGMA(1,1)    0.00000E+00  0.00000E+00  0.00000E+00  5.36382E-06  3.78942E-04 -3.23374E-07  3.76482E-07 -6.04493E-06 -1.95560E-07  7.64123E-07  1.00850E-06 -1.54867E-07  1.65555E-05 -6.03939E-07  6.65116E-07 -7.78783E-06  1.04624E-06 -1.45551E-06  0.00000E+00 -8.12062E-07  0.00000E+00  0.00000E+00  1.29933E-07  0.00000E+00  0.00000E+00  0.00000E+00 -1.23303E-06  0.00000E+00  0.00000E+00  0.00000E+00  0.00000E+00 -2.94985E-07
 OMEGA(1,1)    0.00000E+00  0.00000E+00  0.00000E+00  2.44805E-05  7.89143E-04 -3.27525E-05 -2.58581E-06  5.00251E-06 -6.11953E-07  2.99995E-06  2.52946E-06 -8.26284E-06  2.50086E-05  9.02997E-07 -2.70849E-06  2.02960E-05 -1.45551E-06  9.88345E-06  0.00000E+00  2.92788E-06  0.00000E+00  0.00000E+00 -4.07058E-07  0.00000E+00  0.00000E+00  0.00000E+00  2.38586E-06  0.00000E+00  0.00000E+00  0.00000E+00  0.00000E+00  4.44003E-07
 OMEGA(2,1)    0.00000E+00  0.00000E+00  0.00000E+00  0.00000E+00  0.00000E+00  0.00000E+00  0.00000E+00  0.00000E+00  0.00000E+00  0.00000E+00  0.00000E+00  0.00000E+00  0.00000E+00  0.00000E+00  0.00000E+00  0.00000E+00  0.00000E+00  0.00000E+00  0.00000E+00  0.00000E+00  0.00000E+00  0.00000E+00  0.00000E+00  0.00000E+00  0.00000E+00  0.00000E+00  0.00000E+00  0.00000E+00  0.00000E+00  0.00000E+00  0.00000E+00  0.00000E+00
 OMEGA(2,2)    0.00000E+00  0.00000E+00  0.00000E+00 -5.49084E-04 -8.64600E-03 -1.46606E-05 -2.94896E-06  3.70932E-04 -2.00753E-05  8.96093E-05  9.52198E-05 -1.11400E-04  1.64022E-03  1.97902E-06 -1.16471E-06 -2.61624E-04 -8.12062E-07  2.92788E-06  0.00000E+00  4.36199E-04  0.00000E+00  0.00000E+00 -1.80778E-04  0.00000E+00  0.00000E+00  0.00000E+00  1.32064E-04  0.00000E+00  0.00000E+00  0.00000E+00  0.00000E+00 -9.57775E-06
 OMEGA(3,1)    0.00000E+00  0.00000E+00  0.00000E+00  0.00000E+00  0.00000E+00  0.00000E+00  0.00000E+00  0.00000E+00  0.00000E+00  0.00000E+00  0.00000E+00  0.00000E+00  0.00000E+00  0.00000E+00  0.00000E+00  0.00000E+00  0.00000E+00  0.00000E+00  0.00000E+00  0.00000E+00  0.00000E+00  0.00000E+00  0.00000E+00  0.00000E+00  0.00000E+00  0.00000E+00  0.00000E+00  0.00000E+00  0.00000E+00  0.00000E+00  0.00000E+00  0.00000E+00
 OMEGA(3,2)    0.00000E+00  0.00000E+00  0.00000E+00  0.00000E+00  0.00000E+00  0.00000E+00  0.00000E+00  0.00000E+00  0.00000E+00  0.00000E+00  0.00000E+00  0.00000E+00  0.00000E+00  0.00000E+00  0.00000E+00  0.00000E+00  0.00000E+00  0.00000E+00  0.00000E+00  0.00000E+00  0.00000E+00  0.00000E+00  0.00000E+00  0.00000E+00  0.00000E+00  0.00000E+00  0.00000E+00  0.00000E+00  0.00000E+00  0.00000E+00  0.00000E+00  0.00000E+00
 OMEGA(3,3)    0.00000E+00  0.00000E+00  0.00000E+00  1.39593E-04  2.37282E-03 -1.53349E-05  4.13985E-06 -3.54010E-04  2.78059E-05 -5.49404E-05 -1.80662E-04  3.09725E-05 -6.64802E-04 -5.66439E-06  7.05366E-06  5.17205E-05  1.29933E-07 -4.07058E-07  0.00000E+00 -1.80778E-04  0.00000E+00  0.00000E+00  1.93394E-04  0.00000E+00  0.00000E+00  0.00000E+00 -1.34957E-04  0.00000E+00  0.00000E+00  0.00000E+00  0.00000E+00  1.19585E-05
 OMEGA(4,1)    0.00000E+00  0.00000E+00  0.00000E+00  0.00000E+00  0.00000E+00  0.00000E+00  0.00000E+00  0.00000E+00  0.00000E+00  0.00000E+00  0.00000E+00  0.00000E+00  0.00000E+00  0.00000E+00  0.00000E+00  0.00000E+00  0.00000E+00  0.00000E+00  0.00000E+00  0.00000E+00  0.00000E+00  0.00000E+00  0.00000E+00  0.00000E+00  0.00000E+00  0.00000E+00  0.00000E+00  0.00000E+00  0.00000E+00  0.00000E+00  0.00000E+00  0.00000E+00
 OMEGA(4,2)    0.00000E+00  0.00000E+00  0.00000E+00  0.00000E+00  0.00000E+00  0.00000E+00  0.00000E+00  0.00000E+00  0.00000E+00  0.00000E+00  0.00000E+00  0.00000E+00  0.00000E+00  0.00000E+00  0.00000E+00  0.00000E+00  0.00000E+00  0.00000E+00  0.00000E+00  0.00000E+00  0.00000E+00  0.00000E+00  0.00000E+00  0.00000E+00  0.00000E+00  0.00000E+00  0.00000E+00  0.00000E+00  0.00000E+00  0.00000E+00  0.00000E+00  0.00000E+00
 OMEGA(4,3)    0.00000E+00  0.00000E+00  0.00000E+00  0.00000E+00  0.00000E+00  0.00000E+00  0.00000E+00  0.00000E+00  0.00000E+00  0.00000E+00  0.00000E+00  0.00000E+00  0.00000E+00  0.00000E+00  0.00000E+00  0.00000E+00  0.00000E+00  0.00000E+00  0.00000E+00  0.00000E+00  0.00000E+00  0.00000E+00  0.00000E+00  0.00000E+00  0.00000E+00  0.00000E+00  0.00000E+00  0.00000E+00  0.00000E+00  0.00000E+00  0.00000E+00  0.00000E+00
 OMEGA(4,4)    0.00000E+00  0.00000E+00  0.00000E+00 -4.73248E-05  4.41902E-03 -2.67812E-04 -5.40691E-06  3.87429E-05 -1.24586E-05  2.00643E-05  1.01816E-04 -2.79547E-05  4.09247E-04  2.60360E-05 -3.09097E-06 -3.58173E-05 -1.23303E-06  2.38586E-06  0.00000E+00  1.32064E-04  0.00000E+00  0.00000E+00 -1.34957E-04  0.00000E+00  0.00000E+00  0.00000E+00  2.89164E-04  0.00000E+00  0.00000E+00  0.00000E+00  0.00000E+00 -3.06720E-05
 OMEGA(5,1)    0.00000E+00  0.00000E+00  0.00000E+00  0.00000E+00  0.00000E+00  0.00000E+00  0.00000E+00  0.00000E+00  0.00000E+00  0.00000E+00  0.00000E+00  0.00000E+00  0.00000E+00  0.00000E+00  0.00000E+00  0.00000E+00  0.00000E+00  0.00000E+00  0.00000E+00  0.00000E+00  0.00000E+00  0.00000E+00  0.00000E+00  0.00000E+00  0.00000E+00  0.00000E+00  0.00000E+00  0.00000E+00  0.00000E+00  0.00000E+00  0.00000E+00  0.00000E+00
 OMEGA(5,2)    0.00000E+00  0.00000E+00  0.00000E+00  0.00000E+00  0.00000E+00  0.00000E+00  0.00000E+00  0.00000E+00  0.00000E+00  0.00000E+00  0.00000E+00  0.00000E+00  0.00000E+00  0.00000E+00  0.00000E+00  0.00000E+00  0.00000E+00  0.00000E+00  0.00000E+00  0.00000E+00  0.00000E+00  0.00000E+00  0.00000E+00  0.00000E+00  0.00000E+00  0.00000E+00  0.00000E+00  0.00000E+00  0.00000E+00  0.00000E+00  0.00000E+00  0.00000E+00
 OMEGA(5,3)    0.00000E+00  0.00000E+00  0.00000E+00  0.00000E+00  0.00000E+00  0.00000E+00  0.00000E+00  0.00000E+00  0.00000E+00  0.00000E+00  0.00000E+00  0.00000E+00  0.00000E+00  0.00000E+00  0.00000E+00  0.00000E+00  0.00000E+00  0.00000E+00  0.00000E+00  0.00000E+00  0.00000E+00  0.00000E+00  0.00000E+00  0.00000E+00  0.00000E+00  0.00000E+00  0.00000E+00  0.00000E+00  0.00000E+00  0.00000E+00  0.00000E+00  0.00000E+00
 OMEGA(5,4)    0.00000E+00  0.00000E+00  0.00000E+00  0.00000E+00  0.00000E+00  0.00000E+00  0.00000E+00  0.00000E+00  0.00000E+00  0.00000E+00  0.00000E+00  0.00000E+00  0.00000E+00  0.00000E+00  0.00000E+00  0.00000E+00  0.00000E+00  0.00000E+00  0.00000E+00  0.00000E+00  0.00000E+00  0.00000E+00  0.00000E+00  0.00000E+00  0.00000E+00  0.00000E+00  0.00000E+00  0.00000E+00  0.00000E+00  0.00000E+00  0.00000E+00  0.00000E+00
 OMEGA(5,5)    0.00000E+00  0.00000E+00  0.00000E+00  8.32958E-05  1.11408E-03  8.31252E-05  1.34181E-05  3.07918E-05  7.41865E-05  5.79515E-06 -1.53545E-05  8.62145E-05  7.22984E-05  1.77211E-06 -1.12778E-05  2.82952E-05 -2.94985E-07  4.44003E-07  0.00000E+00 -9.57775E-06  0.00000E+00  0.00000E+00  1.19585E-05  0.00000E+00  0.00000E+00  0.00000E+00 -3.06720E-05  0.00000E+00  0.00000E+00  0.00000E+00  0.00000E+00  1.54351E-04
