TABLE NO.     1: First Order Conditional Estimation with Interaction: Problem=1 Subproblem=0 Superproblem1=0 Iteration1=0 Superproblem2=0 Iteration2=0
 NAME         THETA1       THETA2       THETA3       THETA4       THETA5       THETA6       THETA7       THETA8       THETA9       THETA10      THETA11      THETA12      THETA13      THETA14      THETA15      THETA16      SIGMA(1,1)   OMEGA(1,1)   OMEGA(2,1)   OMEGA(2,2)   OMEGA(3,1)   OMEGA(3,2)   OMEGA(3,3)   OMEGA(4,1)   OMEGA(4,2)   OMEGA(4,3)   OMEGA(4,4)   OMEGA(5,1)   OMEGA(5,2)   OMEGA(5,3)   OMEGA(5,4)   OMEGA(5,5)
 THETA1        0.00000E+00  0.00000E+00  0.00000E+00  0.00000E+00  0.00000E+00  0.00000E+00  0.00000E+00  0.00000E+00  0.00000E+00  0.00000E+00  0.00000E+00  0.00000E+00  0.00000E+00  0.00000E+00  0.00000E+00  0.00000E+00  0.00000E+00  0.00000E+00  0.00000E+00  0.00000E+00  0.00000E+00  0.00000E+00  0.00000E+00  0.00000E+00  0.00000E+00  0.00000E+00  0.00000E+00  0.00000E+00  0.00000E+00  0.00000E+00  0.00000E+00  0.00000E+00
 THETA2        0.00000E+00  0.00000E+00  0.00000E+00  0.00000E+00  0.00000E+00  0.00000E+00  0.00000E+00  0.00000E+00  0.00000E+00  0.00000E+00  0.00000E+00  0.00000E+00  0.00000E+00  0.00000E+00  0.00000E+00  0.00000E+00  0.00000E+00  0.00000E+00  0.00000E+00  0.00000E+00  0.00000E+00  0.00000E+00  0.00000E+00  0.00000E+00  0.00000E+00  0.00000E+00  0.00000E+00  0.00000E+00  0.00000E+00  0.00000E+00  0.00000E+00  0.00000E+00
 THETA3        0.00000E+00  0.00000E+00  0.00000E+00  0.00000E+00  0.00000E+00  0.00000E+00  0.00000E+00  0.00000E+00  0.00000E+00  0.00000E+00  0.00000E+00  0.00000E+00  0.00000E+00  0.00000E+00  0.00000E+00  0.00000E+00  0.00000E+00  0.00000E+00  0.00000E+00  0.00000E+00  0.00000E+00  0.00000E+00  0.00000E+00  0.00000E+00  0.00000E+00  0.00000E+00  0.00000E+00  0.00000E+00  0.00000E+00  0.00000E+00  0.00000E+00  0.00000E+00
 THETA4        0.00000E+00  0.00000E+00  0.00000E+00  3.48153E-01  6.19911E-01  2.59101E-01  2.71565E-01 -1.31389E-01 -3.64556E-02  1.96941E-01  5.89701E-02  9.69386E-02  3.02959E-01 -1.67492E-01  1.91465E-01  2.74585E-01 -1.32584E-01  9.68617E-02  0.00000E+00  1.18761E-01  0.00000E+00  0.00000E+00 -9.58854E-02  0.00000E+00  0.00000E+00  0.00000E+00  4.81860E-03  0.00000E+00  0.00000E+00  0.00000E+00  0.00000E+00  9.05386E-02
 THETA5        0.00000E+00  0.00000E+00  0.00000E+00  6.19911E-01  7.67312E+00  1.54543E-03  1.37305E-02  7.30355E-02 -5.58987E-02  3.69192E-01  8.20590E-02 -9.41003E-02  4.43002E-01  2.24497E-01  7.34219E-02  2.72917E-01 -1.03759E-01  1.78987E-02  0.00000E+00  4.86123E-02  0.00000E+00  0.00000E+00 -3.45176E-02  0.00000E+00  0.00000E+00  0.00000E+00  2.06247E-01  0.00000E+00  0.00000E+00  0.00000E+00  0.00000E+00  2.63614E-02
 THETA6        0.00000E+00  0.00000E+00  0.00000E+00  2.59101E-01  1.54543E-03  1.35724E-01  5.56322E-01 -4.32269E-01  1.52479E-01  7.42781E-02 -1.34580E-01  3.19516E-01  5.34448E-02 -6.24504E-02  1.39430E-01 -1.43724E-01 -1.17944E-01  2.09419E-01  0.00000E+00  7.50499E-02  0.00000E+00  0.00000E+00 -9.50358E-02  0.00000E+00  0.00000E+00  0.00000E+00 -5.85656E-02  0.00000E+00  0.00000E+00  0.00000E+00  0.00000E+00  9.10715E-02
 THETA7        0.00000E+00  0.00000E+00  0.00000E+00  2.71565E-01  1.37305E-02  5.56322E-01  1.49883E-02 -5.06075E-01  7.17513E-02  3.84159E-02 -2.42743E-01  3.58036E-01  2.00472E-02  6.99518E-02  1.88083E-01 -1.70181E-01 -1.19111E-01  2.54019E-01  0.00000E+00  5.92290E-02  0.00000E+00  0.00000E+00 -6.04346E-02  0.00000E+00  0.00000E+00  0.00000E+00 -1.47325E-01  0.00000E+00  0.00000E+00  0.00000E+00  0.00000E+00  1.44375E-01
 THETA8        0.00000E+00  0.00000E+00  0.00000E+00 -1.31389E-01  7.30355E-02 -4.32269E-01 -5.06075E-01  1.35591E-01  2.64696E-02  7.88534E-02  2.46059E-01 -1.96932E-01  8.53691E-02  1.31236E-02 -2.89918E-02  2.08779E-01  1.19016E-01  6.97986E-02  0.00000E+00 -7.88442E-02  0.00000E+00  0.00000E+00  1.29910E-01  0.00000E+00  0.00000E+00  0.00000E+00 -4.40937E-01  0.00000E+00  0.00000E+00  0.00000E+00  0.00000E+00 -8.97313E-02
 THETA9        0.00000E+00  0.00000E+00  0.00000E+00 -3.64556E-02 -5.58987E-02  1.52479E-01  7.17513E-02  2.64696E-02  4.53828E-02  4.08506E-02  2.37344E-02  4.99844E-01  2.43308E-02 -1.61601E-01 -7.88772E-02  6.32022E-02 -3.50275E-02  3.33879E-02  0.00000E+00  7.13550E-02  0.00000E+00  0.00000E+00 -1.02919E-01  0.00000E+00  0.00000E+00  0.00000E+00 -2.14500E-02  0.00000E+00  0.00000E+00  0.00000E+00  0.00000E+00 -8.80814E-02
 THETA10       0.00000E+00  0.00000E+00  0.00000E+00  1.96941E-01  3.69192E-01  7.42781E-02  3.84159E-02  7.88534E-02  4.08506E-02  7.77929E-02  8.38724E-02  4.06550E-02  8.55665E-01  5.18857E-02  9.06907E-02  1.69168E-02 -4.45255E-02  8.80231E-03  0.00000E+00 -3.48699E-03  0.00000E+00  0.00000E+00 -1.66184E-02  0.00000E+00  0.00000E+00  0.00000E+00 -2.67130E-02  0.00000E+00  0.00000E+00  0.00000E+00  0.00000E+00  3.15279E-02
 THETA11       0.00000E+00  0.00000E+00  0.00000E+00  5.89701E-02  8.20590E-02 -1.34580E-01 -2.42743E-01  2.46059E-01  2.37344E-02  8.38724E-02  7.30809E-02 -7.50159E-02  9.81068E-02 -3.31098E-02 -8.71125E-02  1.03643E-01  3.81888E-03  4.76499E-02  0.00000E+00  4.54105E-02  0.00000E+00  0.00000E+00  8.82389E-02  0.00000E+00  0.00000E+00  0.00000E+00 -3.45425E-01  0.00000E+00  0.00000E+00  0.00000E+00  0.00000E+00 -1.88757E-02
 THETA12       0.00000E+00  0.00000E+00  0.00000E+00  9.69386E-02 -9.41003E-02  3.19516E-01  3.58036E-01 -1.96932E-01  4.99844E-01  4.06550E-02 -7.50159E-02  9.23305E-02  2.76224E-02 -1.02584E-01  1.16536E-01 -2.10838E-01  3.83730E-03  8.83412E-02  0.00000E+00  5.02999E-02  0.00000E+00  0.00000E+00 -4.39305E-02  0.00000E+00  0.00000E+00  0.00000E+00 -7.22351E-02  0.00000E+00  0.00000E+00  0.00000E+00  0.00000E+00  2.46052E-02
 THETA13       0.00000E+00  0.00000E+00  0.00000E+00  3.02959E-01  4.43002E-01  5.34448E-02  2.00472E-02  8.53691E-02  2.43308E-02  8.55665E-01  9.81068E-02  2.76224E-02  8.63637E-01  6.52732E-02  8.85826E-02  8.29883E-02 -4.88290E-02  7.37759E-03  0.00000E+00 -4.74787E-02  0.00000E+00  0.00000E+00 -9.50576E-03  0.00000E+00  0.00000E+00  0.00000E+00 -2.52515E-02  0.00000E+00  0.00000E+00  0.00000E+00  0.00000E+00  3.45733E-02
 THETA14       0.00000E+00  0.00000E+00  0.00000E+00 -1.67492E-01  2.24497E-01 -6.24504E-02  6.99518E-02  1.31236E-02 -1.61601E-01  5.18857E-02 -3.31098E-02 -1.02584E-01  6.52732E-02  2.69466E-02  1.51089E-02 -5.70827E-02  1.18111E-01 -7.09651E-02  0.00000E+00 -5.52825E-02  0.00000E+00  0.00000E+00  7.38769E-02  0.00000E+00  0.00000E+00  0.00000E+00 -1.31974E-01  0.00000E+00  0.00000E+00  0.00000E+00  0.00000E+00  3.88080E-02
 THETA15       0.00000E+00  0.00000E+00  0.00000E+00  1.91465E-01  7.34219E-02  1.39430E-01  1.88083E-01 -2.89918E-02 -7.88772E-02  9.06907E-02 -8.71125E-02  1.16536E-01  8.85826E-02  1.51089E-02  8.74570E-03 -1.37353E-01 -5.86667E-02  1.55723E-01  0.00000E+00 -5.74885E-02  0.00000E+00  0.00000E+00 -2.32916E-02  0.00000E+00  0.00000E+00  0.00000E+00 -7.65963E-02  0.00000E+00  0.00000E+00  0.00000E+00  0.00000E+00  1.20016E-01
 THETA16       0.00000E+00  0.00000E+00  0.00000E+00  2.74585E-01  2.72917E-01 -1.43724E-01 -1.70181E-01  2.08779E-01  6.32022E-02  1.69168E-02  1.03643E-01 -2.10838E-01  8.29883E-02 -5.70827E-02 -1.37353E-01  7.20851E-02  1.83094E-02 -6.45772E-02  0.00000E+00  2.01635E-01  0.00000E+00  0.00000E+00 -1.29526E-01  0.00000E+00  0.00000E+00  0.00000E+00  5.35199E-02  0.00000E+00  0.00000E+00  0.00000E+00  0.00000E+00 -8.44955E-02
 SIGMA(1,1)    0.00000E+00  0.00000E+00  0.00000E+00 -1.32584E-01 -1.03759E-01 -1.17944E-01 -1.19111E-01  1.19016E-01 -3.50275E-02 -4.45255E-02  3.81888E-03  3.83730E-03 -4.88290E-02  1.18111E-01 -5.86667E-02  1.83094E-02  1.82071E-03 -5.11713E-01  0.00000E+00 -2.71959E-01  0.00000E+00  0.00000E+00  3.50535E-01  0.00000E+00  0.00000E+00  0.00000E+00 -2.27022E-01  0.00000E+00  0.00000E+00  0.00000E+00  0.00000E+00  8.56529E-02
 OMEGA(1,1)    0.00000E+00  0.00000E+00  0.00000E+00  9.68617E-02  1.78987E-02  2.09419E-01  2.54019E-01  6.97986E-02  3.33879E-02  8.80231E-03  4.76499E-02  8.83412E-02  7.37759E-03 -7.09651E-02  1.55723E-01 -6.45772E-02 -5.11713E-01  5.48965E-03  0.00000E+00  9.18570E-02  0.00000E+00  0.00000E+00 -1.64094E-01  0.00000E+00  0.00000E+00  0.00000E+00  1.08896E-01  0.00000E+00  0.00000E+00  0.00000E+00  0.00000E+00 -5.87628E-02
 OMEGA(2,1)    0.00000E+00  0.00000E+00  0.00000E+00  0.00000E+00  0.00000E+00  0.00000E+00  0.00000E+00  0.00000E+00  0.00000E+00  0.00000E+00  0.00000E+00  0.00000E+00  0.00000E+00  0.00000E+00  0.00000E+00  0.00000E+00  0.00000E+00  0.00000E+00  0.00000E+00  0.00000E+00  0.00000E+00  0.00000E+00  0.00000E+00  0.00000E+00  0.00000E+00  0.00000E+00  0.00000E+00  0.00000E+00  0.00000E+00  0.00000E+00  0.00000E+00  0.00000E+00
 OMEGA(2,2)    0.00000E+00  0.00000E+00  0.00000E+00  1.18761E-01  4.86123E-02  7.50499E-02  5.92290E-02 -7.88442E-02  7.13550E-02 -3.48699E-03  4.54105E-02  5.02999E-02 -4.74787E-02 -5.52825E-02 -5.74885E-02  2.01635E-01 -2.71959E-01  9.18570E-02  0.00000E+00  2.14525E-02  0.00000E+00  0.00000E+00 -5.47987E-01  0.00000E+00  0.00000E+00  0.00000E+00  2.25678E-01  0.00000E+00  0.00000E+00  0.00000E+00  0.00000E+00 -9.78358E-02
 OMEGA(3,1)    0.00000E+00  0.00000E+00  0.00000E+00  0.00000E+00  0.00000E+00  0.00000E+00  0.00000E+00  0.00000E+00  0.00000E+00  0.00000E+00  0.00000E+00  0.00000E+00  0.00000E+00  0.00000E+00  0.00000E+00  0.00000E+00  0.00000E+00  0.00000E+00  0.00000E+00  0.00000E+00  0.00000E+00  0.00000E+00  0.00000E+00  0.00000E+00  0.00000E+00  0.00000E+00  0.00000E+00  0.00000E+00  0.00000E+00  0.00000E+00  0.00000E+00  0.00000E+00
 OMEGA(3,2)    0.00000E+00  0.00000E+00  0.00000E+00  0.00000E+00  0.00000E+00  0.00000E+00  0.00000E+00  0.00000E+00  0.00000E+00  0.00000E+00  0.00000E+00  0.00000E+00  0.00000E+00  0.00000E+00  0.00000E+00  0.00000E+00  0.00000E+00  0.00000E+00  0.00000E+00  0.00000E+00  0.00000E+00  0.00000E+00  0.00000E+00  0.00000E+00  0.00000E+00  0.00000E+00  0.00000E+00  0.00000E+00  0.00000E+00  0.00000E+00  0.00000E+00  0.00000E+00
 OMEGA(3,3)    0.00000E+00  0.00000E+00  0.00000E+00 -9.58854E-02 -3.45176E-02 -9.50358E-02 -6.04346E-02  1.29910E-01 -1.02919E-01 -1.66184E-02  8.82389E-02 -4.39305E-02 -9.50576E-03  7.38769E-02 -2.32916E-02 -1.29526E-01  3.50535E-01 -1.64094E-01  0.00000E+00 -5.47987E-01  0.00000E+00  0.00000E+00  1.16233E-02  0.00000E+00  0.00000E+00  0.00000E+00 -5.15542E-01  0.00000E+00  0.00000E+00  0.00000E+00  0.00000E+00  1.09035E-01
 OMEGA(4,1)    0.00000E+00  0.00000E+00  0.00000E+00  0.00000E+00  0.00000E+00  0.00000E+00  0.00000E+00  0.00000E+00  0.00000E+00  0.00000E+00  0.00000E+00  0.00000E+00  0.00000E+00  0.00000E+00  0.00000E+00  0.00000E+00  0.00000E+00  0.00000E+00  0.00000E+00  0.00000E+00  0.00000E+00  0.00000E+00  0.00000E+00  0.00000E+00  0.00000E+00  0.00000E+00  0.00000E+00  0.00000E+00  0.00000E+00  0.00000E+00  0.00000E+00  0.00000E+00
 OMEGA(4,2)    0.00000E+00  0.00000E+00  0.00000E+00  0.00000E+00  0.00000E+00  0.00000E+00  0.00000E+00  0.00000E+00  0.00000E+00  0.00000E+00  0.00000E+00  0.00000E+00  0.00000E+00  0.00000E+00  0.00000E+00  0.00000E+00  0.00000E+00  0.00000E+00  0.00000E+00  0.00000E+00  0.00000E+00  0.00000E+00  0.00000E+00  0.00000E+00  0.00000E+00  0.00000E+00  0.00000E+00  0.00000E+00  0.00000E+00  0.00000E+00  0.00000E+00  0.00000E+00
 OMEGA(4,3)    0.00000E+00  0.00000E+00  0.00000E+00  0.00000E+00  0.00000E+00  0.00000E+00  0.00000E+00  0.00000E+00  0.00000E+00  0.00000E+00  0.00000E+00  0.00000E+00  0.00000E+00  0.00000E+00  0.00000E+00  0.00000E+00  0.00000E+00  0.00000E+00  0.00000E+00  0.00000E+00  0.00000E+00  0.00000E+00  0.00000E+00  0.00000E+00  0.00000E+00  0.00000E+00  0.00000E+00  0.00000E+00  0.00000E+00  0.00000E+00  0.00000E+00  0.00000E+00
 OMEGA(4,4)    0.00000E+00  0.00000E+00  0.00000E+00  4.81860E-03  2.06247E-01 -5.85656E-02 -1.47325E-01 -4.40937E-01 -2.14500E-02 -2.67130E-02 -3.45425E-01 -7.22351E-02 -2.52515E-02 -1.31974E-01 -7.65963E-02  5.35199E-02 -2.27022E-01  1.08896E-01  0.00000E+00  2.25678E-01  0.00000E+00  0.00000E+00 -5.15542E-01  0.00000E+00  0.00000E+00  0.00000E+00  2.13168E-02  0.00000E+00  0.00000E+00  0.00000E+00  0.00000E+00 -2.44969E-01
 OMEGA(5,1)    0.00000E+00  0.00000E+00  0.00000E+00  0.00000E+00  0.00000E+00  0.00000E+00  0.00000E+00  0.00000E+00  0.00000E+00  0.00000E+00  0.00000E+00  0.00000E+00  0.00000E+00  0.00000E+00  0.00000E+00  0.00000E+00  0.00000E+00  0.00000E+00  0.00000E+00  0.00000E+00  0.00000E+00  0.00000E+00  0.00000E+00  0.00000E+00  0.00000E+00  0.00000E+00  0.00000E+00  0.00000E+00  0.00000E+00  0.00000E+00  0.00000E+00  0.00000E+00
 OMEGA(5,2)    0.00000E+00  0.00000E+00  0.00000E+00  0.00000E+00  0.00000E+00  0.00000E+00  0.00000E+00  0.00000E+00  0.00000E+00  0.00000E+00  0.00000E+00  0.00000E+00  0.00000E+00  0.00000E+00  0.00000E+00  0.00000E+00  0.00000E+00  0.00000E+00  0.00000E+00  0.00000E+00  0.00000E+00  0.00000E+00  0.00000E+00  0.00000E+00  0.00000E+00  0.00000E+00  0.00000E+00  0.00000E+00  0.00000E+00  0.00000E+00  0.00000E+00  0.00000E+00
 OMEGA(5,3)    0.00000E+00  0.00000E+00  0.00000E+00  0.00000E+00  0.00000E+00  0.00000E+00  0.00000E+00  0.00000E+00  0.00000E+00  0.00000E+00  0.00000E+00  0.00000E+00  0.00000E+00  0.00000E+00  0.00000E+00  0.00000E+00  0.00000E+00  0.00000E+00  0.00000E+00  0.00000E+00  0.00000E+00  0.00000E+00  0.00000E+00  0.00000E+00  0.00000E+00  0.00000E+00  0.00000E+00  0.00000E+00  0.00000E+00  0.00000E+00  0.00000E+00  0.00000E+00
 OMEGA(5,4)    0.00000E+00  0.00000E+00  0.00000E+00  0.00000E+00  0.00000E+00  0.00000E+00  0.00000E+00  0.00000E+00  0.00000E+00  0.00000E+00  0.00000E+00  0.00000E+00  0.00000E+00  0.00000E+00  0.00000E+00  0.00000E+00  0.00000E+00  0.00000E+00  0.00000E+00  0.00000E+00  0.00000E+00  0.00000E+00  0.00000E+00  0.00000E+00  0.00000E+00  0.00000E+00  0.00000E+00  0.00000E+00  0.00000E+00  0.00000E+00  0.00000E+00  0.00000E+00
 OMEGA(5,5)    0.00000E+00  0.00000E+00  0.00000E+00  9.05386E-02  2.63614E-02  9.10715E-02  1.44375E-01 -8.97313E-02 -8.80814E-02  3.15279E-02 -1.88757E-02  2.46052E-02  3.45733E-02  3.88080E-02  1.20016E-01 -8.44955E-02  8.56529E-02 -5.87628E-02  0.00000E+00 -9.78358E-02  0.00000E+00  0.00000E+00  1.09035E-01  0.00000E+00  0.00000E+00  0.00000E+00 -2.44969E-01  0.00000E+00  0.00000E+00  0.00000E+00  0.00000E+00  1.16788E-02
