TABLE NO.     2: Objective Function Evaluation by Importance/MAP Sampling (No Prior): Problem=1 Subproblem=0 Superproblem1=0 Iteration1=0 Superproblem2=0 Iteration2=0
 NAME         THETA1       THETA2       THETA3       THETA4       THETA5       THETA6       THETA7       THETA8       THETA9       THETA10      THETA11      THETA12      THETA13      THETA14      THETA15      THETA16      THETA17      THETA18      THETA19      THETA20      THETA21      THETA22      SIGMA(1,1)   SIGMA(2,1)   SIGMA(2,2)   OMEGA(1,1)   OMEGA(2,1)   OMEGA(2,2)   OMEGA(3,1)   OMEGA(3,2)   OMEGA(3,3)   OMEGA(4,1)   OMEGA(4,2)   OMEGA(4,3)   OMEGA(4,4)   OMEGA(5,1)   OMEGA(5,2)   OMEGA(5,3)   OMEGA(5,4)   OMEGA(5,5)   OMEGA(6,1)   OMEGA(6,2)   OMEGA(6,3)   OMEGA(6,4)   OMEGA(6,5)   OMEGA(6,6)   OMEGA(7,1)   OMEGA(7,2)   OMEGA(7,3)   OMEGA(7,4)   OMEGA(7,5)   OMEGA(7,6)   OMEGA(7,7)   OMEGA(8,1)   OMEGA(8,2)   OMEGA(8,3)   OMEGA(8,4)   OMEGA(8,5)   OMEGA(8,6)   OMEGA(8,7)   OMEGA(8,8)   OMEGA(9,1)   OMEGA(9,2)   OMEGA(9,3)   OMEGA(9,4)   OMEGA(9,5)   OMEGA(9,6)   OMEGA(9,7)   OMEGA(9,8)   OMEGA(9,9)   OMEGA(10,1)  OMEGA(10,2)  OMEGA(10,3)  OMEGA(10,4)  OMEGA(10,5)  OMEGA(10,6)  OMEGA(10,7)  OMEGA(10,8)  OMEGA(10,9)  OMEGA(10,10) OMEGA(11,1)  OMEGA(11,2)  OMEGA(11,3)  OMEGA(11,4)  OMEGA(11,5)  OMEGA(11,6)  OMEGA(11,7)  OMEGA(11,8)  OMEGA(11,9)  OMEGA(11,10) OMEGA(11,11) OMEGA(12,1)  OMEGA(12,2)  OMEGA(12,3)  OMEGA(12,4)  OMEGA(12,5)  OMEGA(12,6)  OMEGA(12,7)  OMEGA(12,8)  OMEGA(12,9)  OMEGA(12,10) OMEGA(12,11) OMEGA(12,12)
 THETA1        0.00000E+00  0.00000E+00  0.00000E+00  0.00000E+00  0.00000E+00  0.00000E+00  0.00000E+00  0.00000E+00  0.00000E+00  0.00000E+00  0.00000E+00  0.00000E+00  0.00000E+00  0.00000E+00  0.00000E+00  0.00000E+00  0.00000E+00  0.00000E+00  0.00000E+00  0.00000E+00  0.00000E+00  0.00000E+00  0.00000E+00  0.00000E+00  0.00000E+00  0.00000E+00  0.00000E+00  0.00000E+00  0.00000E+00  0.00000E+00  0.00000E+00  0.00000E+00  0.00000E+00  0.00000E+00  0.00000E+00  0.00000E+00  0.00000E+00  0.00000E+00  0.00000E+00  0.00000E+00  0.00000E+00  0.00000E+00  0.00000E+00  0.00000E+00  0.00000E+00  0.00000E+00  0.00000E+00  0.00000E+00  0.00000E+00  0.00000E+00  0.00000E+00  0.00000E+00  0.00000E+00  0.00000E+00  0.00000E+00  0.00000E+00  0.00000E+00  0.00000E+00  0.00000E+00  0.00000E+00  0.00000E+00  0.00000E+00  0.00000E+00  0.00000E+00  0.00000E+00  0.00000E+00  0.00000E+00  0.00000E+00  0.00000E+00  0.00000E+00  0.00000E+00  0.00000E+00  0.00000E+00  0.00000E+00  0.00000E+00  0.00000E+00  0.00000E+00  0.00000E+00  0.00000E+00  0.00000E+00  0.00000E+00  0.00000E+00  0.00000E+00  0.00000E+00  0.00000E+00  0.00000E+00  0.00000E+00  0.00000E+00  0.00000E+00  0.00000E+00  0.00000E+00  0.00000E+00  0.00000E+00  0.00000E+00  0.00000E+00  0.00000E+00  0.00000E+00  0.00000E+00  0.00000E+00  0.00000E+00  0.00000E+00  0.00000E+00  0.00000E+00
 THETA2        0.00000E+00  0.00000E+00  0.00000E+00  0.00000E+00  0.00000E+00  0.00000E+00  0.00000E+00  0.00000E+00  0.00000E+00  0.00000E+00  0.00000E+00  0.00000E+00  0.00000E+00  0.00000E+00  0.00000E+00  0.00000E+00  0.00000E+00  0.00000E+00  0.00000E+00  0.00000E+00  0.00000E+00  0.00000E+00  0.00000E+00  0.00000E+00  0.00000E+00  0.00000E+00  0.00000E+00  0.00000E+00  0.00000E+00  0.00000E+00  0.00000E+00  0.00000E+00  0.00000E+00  0.00000E+00  0.00000E+00  0.00000E+00  0.00000E+00  0.00000E+00  0.00000E+00  0.00000E+00  0.00000E+00  0.00000E+00  0.00000E+00  0.00000E+00  0.00000E+00  0.00000E+00  0.00000E+00  0.00000E+00  0.00000E+00  0.00000E+00  0.00000E+00  0.00000E+00  0.00000E+00  0.00000E+00  0.00000E+00  0.00000E+00  0.00000E+00  0.00000E+00  0.00000E+00  0.00000E+00  0.00000E+00  0.00000E+00  0.00000E+00  0.00000E+00  0.00000E+00  0.00000E+00  0.00000E+00  0.00000E+00  0.00000E+00  0.00000E+00  0.00000E+00  0.00000E+00  0.00000E+00  0.00000E+00  0.00000E+00  0.00000E+00  0.00000E+00  0.00000E+00  0.00000E+00  0.00000E+00  0.00000E+00  0.00000E+00  0.00000E+00  0.00000E+00  0.00000E+00  0.00000E+00  0.00000E+00  0.00000E+00  0.00000E+00  0.00000E+00  0.00000E+00  0.00000E+00  0.00000E+00  0.00000E+00  0.00000E+00  0.00000E+00  0.00000E+00  0.00000E+00  0.00000E+00  0.00000E+00  0.00000E+00  0.00000E+00  0.00000E+00
 THETA3        0.00000E+00  0.00000E+00  0.00000E+00  0.00000E+00  0.00000E+00  0.00000E+00  0.00000E+00  0.00000E+00  0.00000E+00  0.00000E+00  0.00000E+00  0.00000E+00  0.00000E+00  0.00000E+00  0.00000E+00  0.00000E+00  0.00000E+00  0.00000E+00  0.00000E+00  0.00000E+00  0.00000E+00  0.00000E+00  0.00000E+00  0.00000E+00  0.00000E+00  0.00000E+00  0.00000E+00  0.00000E+00  0.00000E+00  0.00000E+00  0.00000E+00  0.00000E+00  0.00000E+00  0.00000E+00  0.00000E+00  0.00000E+00  0.00000E+00  0.00000E+00  0.00000E+00  0.00000E+00  0.00000E+00  0.00000E+00  0.00000E+00  0.00000E+00  0.00000E+00  0.00000E+00  0.00000E+00  0.00000E+00  0.00000E+00  0.00000E+00  0.00000E+00  0.00000E+00  0.00000E+00  0.00000E+00  0.00000E+00  0.00000E+00  0.00000E+00  0.00000E+00  0.00000E+00  0.00000E+00  0.00000E+00  0.00000E+00  0.00000E+00  0.00000E+00  0.00000E+00  0.00000E+00  0.00000E+00  0.00000E+00  0.00000E+00  0.00000E+00  0.00000E+00  0.00000E+00  0.00000E+00  0.00000E+00  0.00000E+00  0.00000E+00  0.00000E+00  0.00000E+00  0.00000E+00  0.00000E+00  0.00000E+00  0.00000E+00  0.00000E+00  0.00000E+00  0.00000E+00  0.00000E+00  0.00000E+00  0.00000E+00  0.00000E+00  0.00000E+00  0.00000E+00  0.00000E+00  0.00000E+00  0.00000E+00  0.00000E+00  0.00000E+00  0.00000E+00  0.00000E+00  0.00000E+00  0.00000E+00  0.00000E+00  0.00000E+00  0.00000E+00
 THETA4        0.00000E+00  0.00000E+00  0.00000E+00  9.56834E-02  1.32572E+00 -1.42828E-03 -7.46577E-04  0.00000E+00 -1.84868E-01 -1.66516E-02 -1.20230E-02  4.65009E-04  1.93083E-03 -2.12399E-02 -5.25479E-02 -7.65214E-02  4.33906E-02  4.01893E-02  1.02829E-01  2.32451E-04  6.44360E-05  3.25621E-05 -1.87265E-04  0.00000E+00  0.00000E+00 -2.33209E-04  0.00000E+00  0.00000E+00  0.00000E+00  0.00000E+00 -1.63414E-02  0.00000E+00  0.00000E+00 -1.23976E-02 -8.03613E-03  0.00000E+00  0.00000E+00 -1.11474E-02 -7.08393E-03 -6.08502E-03  0.00000E+00  0.00000E+00  3.43417E-03  2.73975E-03  3.47181E-03  7.04669E-04  0.00000E+00  0.00000E+00 -2.46411E-02 -1.59331E-02  1.23390E-03 -1.89029E-02 -1.66159E-01  0.00000E+00  0.00000E+00 -2.13326E-01 -2.08649E-01 -1.91053E-01 -1.71320E-02  1.86655E-02  7.88999E-02  0.00000E+00  0.00000E+00 -1.07012E-01 -1.31076E-01 -1.19615E-01 -1.25610E-02  2.53004E-01 -5.61017E-02 -5.09065E-01  0.00000E+00  0.00000E+00  8.79963E-03  8.50425E-03  9.08580E-03 -6.82254E-04  1.39727E-02 -9.88255E-03 -2.22809E-02  3.25293E-05  0.00000E+00  0.00000E+00 -4.02461E-03 -3.95600E-03 -4.47319E-03  8.26038E-04 -3.43217E-03 -1.53801E-03 -3.58176E-03 -1.14604E-04  8.36273E-04  0.00000E+00  0.00000E+00 -2.91635E-03 -3.11502E-03 -3.63592E-03  7.38572E-04  1.92599E-03  2.27040E-03  4.67918E-03 -6.74317E-05 -1.52173E-04 -3.96792E-05
 THETA5        0.00000E+00  0.00000E+00  0.00000E+00  1.32572E+00  7.05139E+01 -6.05033E-01 -5.46928E-02  0.00000E+00 -9.68054E+00 -6.95792E-01 -6.55993E-01  1.49962E-01  9.57000E-02 -1.16770E+00 -3.96507E+00 -4.19509E+00  2.62317E+00  2.43139E+00  6.23571E+00 -5.12444E-03  4.60804E-04  4.09622E-03 -1.00549E-02  0.00000E+00  0.00000E+00 -2.17889E-02  0.00000E+00  0.00000E+00  0.00000E+00  0.00000E+00 -9.27335E-01  0.00000E+00  0.00000E+00 -7.21745E-01 -4.95039E-01  0.00000E+00  0.00000E+00 -6.62254E-01 -4.50619E-01 -3.58163E-01  0.00000E+00  0.00000E+00  1.44104E-01  1.08348E-01  1.56627E-01  2.83754E-02  0.00000E+00  0.00000E+00 -3.22298E+00 -1.90083E+00 -9.29887E-01 -1.63844E+00 -6.37954E+00  0.00000E+00  0.00000E+00 -1.21568E+01 -1.16680E+01 -1.05568E+01 -1.04743E+00 -7.14969E-01  5.20688E+00  0.00000E+00  0.00000E+00 -4.42267E+00 -6.07690E+00 -5.45281E+00 -2.68470E-02  1.10942E+01  1.47671E+00 -1.88726E+01  0.00000E+00  0.00000E+00  5.12768E-01  4.98562E-01  5.33792E-01 -3.68366E-02  7.71703E-01 -5.97119E-01 -1.56194E+00  4.92153E-05  0.00000E+00  0.00000E+00 -2.19590E-01 -2.15342E-01 -2.43352E-01  4.62408E-02 -1.85682E-01 -5.83376E-02 -1.10185E-01 -7.33050E-03  4.27658E-02  0.00000E+00  0.00000E+00 -1.76313E-01 -1.91951E-01 -2.37370E-01  4.26118E-02 -1.36373E-01 -1.42475E-03  1.36972E-01 -3.93012E-03 -7.86484E-03  5.33074E-04
 THETA6        0.00000E+00  0.00000E+00  0.00000E+00 -1.42828E-03 -6.05033E-01  2.82125E-02  6.96047E-04  0.00000E+00  8.36882E-02  6.38943E-03  6.23012E-03 -1.41969E-03 -6.78082E-04  1.21604E-02  3.98682E-02  3.64397E-02 -1.84589E-02 -1.65091E-02 -3.96388E-02  1.95196E-04  3.00199E-05 -7.44297E-05  7.45485E-05  0.00000E+00  0.00000E+00  1.81321E-04  0.00000E+00  0.00000E+00  0.00000E+00  0.00000E+00  9.45794E-03  0.00000E+00  0.00000E+00  7.35300E-03  5.16717E-03  0.00000E+00  0.00000E+00  5.84593E-03  3.88609E-03  1.91421E-03  0.00000E+00  0.00000E+00 -7.12747E-04 -6.25228E-04 -7.42056E-04 -1.43118E-04  0.00000E+00  0.00000E+00  4.90261E-02  3.15889E-02  7.94367E-03  2.90070E-02  1.30826E-02  0.00000E+00  0.00000E+00  1.05124E-01  1.00448E-01  8.77820E-02  1.39613E-02  9.29773E-03 -4.55910E-02  0.00000E+00  0.00000E+00  2.45253E-02  3.84488E-02  4.16076E-02 -2.55432E-03 -7.03782E-02 -2.81619E-02  1.26480E-01  0.00000E+00  0.00000E+00 -3.53334E-03 -3.47327E-03 -3.68684E-03  2.53262E-04 -3.95368E-03  5.48539E-03  1.28026E-02  6.66706E-06  0.00000E+00  0.00000E+00  1.70893E-03  1.66696E-03  1.85933E-03 -3.22206E-04  1.82211E-03  4.34552E-04  7.94722E-04  4.84983E-05 -2.92887E-04  0.00000E+00  0.00000E+00  1.40223E-03  1.64719E-03  2.19517E-03 -5.18852E-04  2.71189E-03  7.39012E-04  8.66297E-04  7.10031E-06  5.39287E-05 -3.15741E-05
 THETA7        0.00000E+00  0.00000E+00  0.00000E+00 -7.46577E-04 -5.46928E-02  6.96047E-04  2.36292E-04  0.00000E+00  8.17893E-03  7.16131E-04  1.00304E-03 -7.64849E-05 -8.01550E-05  1.08302E-03  4.60842E-03  3.61002E-03 -2.32472E-03 -2.17657E-03 -5.48071E-03  1.94027E-05 -2.60876E-06 -2.45345E-05  3.37144E-06  0.00000E+00  0.00000E+00  1.17601E-05  0.00000E+00  0.00000E+00  0.00000E+00  0.00000E+00  1.19126E-03  0.00000E+00  0.00000E+00  1.10513E-03  1.12198E-03  0.00000E+00  0.00000E+00  4.87465E-04  6.09429E-04  4.63642E-05  0.00000E+00  0.00000E+00  1.29074E-04  1.28081E-04  1.36569E-04 -1.50020E-04  0.00000E+00  0.00000E+00  5.44759E-03  3.32307E-03  1.59076E-03  1.63988E-03  7.69829E-03  0.00000E+00  0.00000E+00  1.19448E-02  1.16807E-02  1.11976E-02  6.02445E-04 -1.99259E-03 -3.19123E-03  0.00000E+00  0.00000E+00  5.50890E-04  3.10677E-03  4.58374E-03 -7.67299E-04 -1.72938E-02  3.36291E-03  1.35109E-02  0.00000E+00  0.00000E+00 -4.19314E-04 -3.69550E-04 -3.75443E-04  4.32451E-06 -4.97232E-04  5.01320E-04  8.97307E-04 -2.28248E-07  0.00000E+00  0.00000E+00  1.80169E-04  1.80056E-04  2.00590E-04 -3.76123E-05  1.73876E-04  2.86999E-05  1.98961E-05  9.05864E-06 -3.60926E-05  0.00000E+00  0.00000E+00 -1.91978E-04 -1.77547E-04 -1.60440E-04 -4.46674E-05  4.49438E-04  4.81115E-05 -7.51789E-05 -6.42622E-06  6.20839E-06 -1.84031E-06
 THETA8        0.00000E+00  0.00000E+00  0.00000E+00  0.00000E+00  0.00000E+00  0.00000E+00  0.00000E+00  0.00000E+00  0.00000E+00  0.00000E+00  0.00000E+00  0.00000E+00  0.00000E+00  0.00000E+00  0.00000E+00  0.00000E+00  0.00000E+00  0.00000E+00  0.00000E+00  0.00000E+00  0.00000E+00  0.00000E+00  0.00000E+00  0.00000E+00  0.00000E+00  0.00000E+00  0.00000E+00  0.00000E+00  0.00000E+00  0.00000E+00  0.00000E+00  0.00000E+00  0.00000E+00  0.00000E+00  0.00000E+00  0.00000E+00  0.00000E+00  0.00000E+00  0.00000E+00  0.00000E+00  0.00000E+00  0.00000E+00  0.00000E+00  0.00000E+00  0.00000E+00  0.00000E+00  0.00000E+00  0.00000E+00  0.00000E+00  0.00000E+00  0.00000E+00  0.00000E+00  0.00000E+00  0.00000E+00  0.00000E+00  0.00000E+00  0.00000E+00  0.00000E+00  0.00000E+00  0.00000E+00  0.00000E+00  0.00000E+00  0.00000E+00  0.00000E+00  0.00000E+00  0.00000E+00  0.00000E+00  0.00000E+00  0.00000E+00  0.00000E+00  0.00000E+00  0.00000E+00  0.00000E+00  0.00000E+00  0.00000E+00  0.00000E+00  0.00000E+00  0.00000E+00  0.00000E+00  0.00000E+00  0.00000E+00  0.00000E+00  0.00000E+00  0.00000E+00  0.00000E+00  0.00000E+00  0.00000E+00  0.00000E+00  0.00000E+00  0.00000E+00  0.00000E+00  0.00000E+00  0.00000E+00  0.00000E+00  0.00000E+00  0.00000E+00  0.00000E+00  0.00000E+00  0.00000E+00  0.00000E+00  0.00000E+00  0.00000E+00  0.00000E+00
 THETA9        0.00000E+00  0.00000E+00  0.00000E+00 -1.84868E-01 -9.68054E+00  8.36882E-02  8.17893E-03  0.00000E+00  1.83197E+00  1.02153E-01  9.73580E-02 -3.01757E-02 -1.79450E-02  1.79330E-01  6.55253E-01  7.79000E-01 -5.12844E-01 -3.89143E-01 -9.31461E-01 -1.74376E-03 -6.41388E-04  1.06759E-03  2.03035E-03  0.00000E+00  0.00000E+00  6.54650E-03  0.00000E+00  0.00000E+00  0.00000E+00  0.00000E+00  1.32284E-01  0.00000E+00  0.00000E+00  1.00035E-01  6.19496E-02  0.00000E+00  0.00000E+00  1.13583E-01  7.55144E-02  9.30135E-02  0.00000E+00  0.00000E+00 -4.07111E-02 -3.18577E-02 -4.28257E-02 -3.16318E-03  0.00000E+00  0.00000E+00  6.04217E-01  3.78197E-01  2.47096E-01  2.28681E-01  7.60861E-01  0.00000E+00  0.00000E+00  2.11124E+00  2.04019E+00  1.90922E+00  1.54966E-01 -3.07773E-01 -5.11332E-01  0.00000E+00  0.00000E+00  4.82607E-01  8.79990E-01  9.40395E-01 -8.31220E-02 -2.26567E+00  3.75995E-01  2.85716E+00  0.00000E+00  0.00000E+00 -1.07222E-01 -1.04733E-01 -1.13587E-01  8.49194E-03 -1.30301E-01  1.03237E-01  2.70932E-01 -6.91596E-05  0.00000E+00  0.00000E+00  4.30879E-02  4.24093E-02  4.86646E-02 -9.91661E-03  3.37322E-02  1.18776E-02  2.51579E-02  1.53708E-03 -9.07896E-03  0.00000E+00  0.00000E+00  4.60731E-02  4.80321E-02  5.52206E-02 -6.38790E-03  2.41869E-02 -1.80360E-03 -3.40431E-02  4.95719E-04  1.68279E-03  3.61047E-04
 THETA10       0.00000E+00  0.00000E+00  0.00000E+00 -1.66516E-02 -6.95792E-01  6.38943E-03  7.16131E-04  0.00000E+00  1.02153E-01  1.19252E-02  8.11131E-03 -1.27187E-03 -9.24981E-04  1.94720E-02  3.42954E-02  4.43986E-02 -2.87298E-02 -2.30186E-02 -5.29000E-02  2.00325E-04 -1.52929E-05 -1.96934E-04  7.97689E-05  0.00000E+00  0.00000E+00  1.16487E-04  0.00000E+00  0.00000E+00  0.00000E+00  0.00000E+00  1.29351E-02  0.00000E+00  0.00000E+00  1.06376E-02  8.37259E-03  0.00000E+00  0.00000E+00  6.95020E-03  5.24688E-03  1.32081E-03  0.00000E+00  0.00000E+00 -7.08460E-04 -4.92218E-04 -6.50371E-04 -7.21978E-04  0.00000E+00  0.00000E+00  4.06416E-02  2.36509E-02  4.80752E-03  2.15733E-02  7.60743E-02  0.00000E+00  0.00000E+00  1.31498E-01  1.27981E-01  1.20686E-01  9.77740E-03 -9.62300E-03 -2.90147E-02  0.00000E+00  0.00000E+00  4.03394E-02  6.19406E-02  6.85186E-02 -5.31028E-03 -8.06070E-02  5.31357E-02  2.84993E-01  0.00000E+00  0.00000E+00 -4.48163E-03 -4.32935E-03 -4.60458E-03  2.67687E-04 -7.79899E-03  6.56605E-03  1.66207E-02 -2.99045E-06  0.00000E+00  0.00000E+00  2.27136E-03  2.20594E-03  2.47894E-03 -4.21754E-04  1.97457E-03  5.73929E-04  1.10422E-03  6.50842E-05 -4.44549E-04  0.00000E+00  0.00000E+00  2.82844E-04  6.49998E-04  1.29650E-03 -5.53065E-04  1.29781E-03 -5.38693E-06 -1.21711E-03  1.52552E-05  7.97441E-05 -1.90747E-05
 THETA11       0.00000E+00  0.00000E+00  0.00000E+00 -1.20230E-02 -6.55993E-01  6.23012E-03  1.00304E-03  0.00000E+00  9.73580E-02  8.11131E-03  1.17353E-02 -1.53037E-03 -9.02465E-04  1.28554E-02  6.43028E-02  4.22978E-02 -2.99500E-02 -2.37304E-02 -5.47561E-02  1.97051E-04 -4.54270E-05 -1.85812E-04  7.88812E-05  0.00000E+00  0.00000E+00  1.56772E-04  0.00000E+00  0.00000E+00  0.00000E+00  0.00000E+00  1.24416E-02  0.00000E+00  0.00000E+00  1.02789E-02  8.20999E-03  0.00000E+00  0.00000E+00  7.17429E-03  5.59640E-03  2.21677E-03  0.00000E+00  0.00000E+00 -3.78479E-04 -1.76327E-04 -2.75632E-04 -8.11372E-04  0.00000E+00  0.00000E+00  4.59959E-02  2.85239E-02  1.53530E-02  1.82405E-02  7.72042E-02  0.00000E+00  0.00000E+00  1.29422E-01  1.25980E-01  1.18570E-01  7.97089E-03 -5.50739E-03 -3.44255E-02  0.00000E+00  0.00000E+00  2.98448E-02  5.16865E-02  5.32114E-02 -6.20432E-03 -9.02032E-02  1.56733E-02  4.32378E-02  0.00000E+00  0.00000E+00 -5.05259E-03 -4.83693E-03 -5.14234E-03  3.09883E-04 -8.68916E-03  6.02524E-03  1.49709E-02  5.92033E-06  0.00000E+00  0.00000E+00  2.33050E-03  2.28464E-03  2.58578E-03 -4.94969E-04  1.98807E-03  6.54712E-04  1.51882E-03  8.94045E-05 -4.91345E-04  0.00000E+00  0.00000E+00  6.28372E-04  8.87233E-04  1.32405E-03 -4.74178E-04  3.55411E-03  5.58718E-04 -1.05204E-03  2.65644E-05  8.94683E-05 -3.01601E-05
 THETA12       0.00000E+00  0.00000E+00  0.00000E+00  4.65009E-04  1.49962E-01 -1.41969E-03 -7.64849E-05  0.00000E+00 -3.01757E-02 -1.27187E-03 -1.53037E-03  1.14617E-03  3.46155E-04 -2.48856E-03 -1.34292E-02 -1.30367E-02  8.50380E-03  6.12176E-03  1.49328E-02  6.45100E-05  1.39754E-05 -3.38087E-05 -3.74436E-05  0.00000E+00  0.00000E+00 -1.56109E-04  0.00000E+00  0.00000E+00  0.00000E+00  0.00000E+00 -1.93290E-03  0.00000E+00  0.00000E+00 -1.33837E-03 -5.61639E-04  0.00000E+00  0.00000E+00 -2.05924E-03 -1.21764E-03 -2.01905E-03  0.00000E+00  0.00000E+00  9.03640E-04  7.36056E-04  9.32428E-04 -3.24017E-05  0.00000E+00  0.00000E+00 -1.17211E-02 -6.96558E-03 -8.01342E-03 -3.38977E-03 -9.60063E-03  0.00000E+00  0.00000E+00 -3.58061E-02 -3.38229E-02 -3.19689E-02 -2.80160E-03  6.85136E-03  1.44262E-02  0.00000E+00  0.00000E+00 -5.36326E-03 -1.17665E-02 -1.10929E-02  1.35145E-03  4.70039E-02  1.03127E-02 -2.19035E-02  0.00000E+00  0.00000E+00  2.06154E-03  2.03703E-03  2.24420E-03 -2.02477E-04  2.33073E-03 -1.68689E-03 -4.83251E-03  7.37757E-07  0.00000E+00  0.00000E+00 -7.86693E-04 -7.76985E-04 -9.04003E-04  1.91002E-04 -5.79980E-04 -2.26925E-04 -5.33059E-04 -2.95000E-05  1.70013E-04  0.00000E+00  0.00000E+00 -1.19187E-03 -1.21976E-03 -1.33724E-03  9.03064E-05 -3.55923E-04 -7.62603E-05  3.14168E-04 -2.14265E-05 -3.21372E-05  3.73757E-08
 THETA13       0.00000E+00  0.00000E+00  0.00000E+00  1.93083E-03  9.57000E-02 -6.78082E-04 -8.01550E-05  0.00000E+00 -1.79450E-02 -9.24981E-04 -9.02465E-04  3.46155E-04  2.69296E-04 -1.61960E-03 -6.91328E-03 -7.83203E-03  5.49872E-03  4.04605E-03  9.70569E-03  3.17133E-05  9.80798E-06 -2.89629E-05 -2.43321E-05  0.00000E+00  0.00000E+00 -6.42087E-05  0.00000E+00  0.00000E+00  0.00000E+00  0.00000E+00 -1.17201E-03  0.00000E+00  0.00000E+00 -8.38585E-04 -4.53435E-04  0.00000E+00  0.00000E+00 -1.16983E-03 -7.71764E-04 -1.17000E-03  0.00000E+00  0.00000E+00  4.78197E-04  3.77598E-04  5.13116E-04  2.43738E-05  0.00000E+00  0.00000E+00 -6.04443E-03 -3.95017E-03 -3.25740E-03 -1.77712E-03 -1.11284E-02  0.00000E+00  0.00000E+00 -2.16415E-02 -2.09013E-02 -1.95742E-02 -1.63896E-03  2.45356E-03  6.78091E-03  0.00000E+00  0.00000E+00 -4.70659E-03 -8.81343E-03 -9.20439E-03  4.62483E-04  2.56399E-02  1.77773E-04 -1.87155E-02  0.00000E+00  0.00000E+00  1.22947E-03  1.19980E-03  1.30289E-03 -9.91614E-05  1.23955E-03 -1.00021E-03 -2.45786E-03  4.95340E-07  0.00000E+00  0.00000E+00 -4.64133E-04 -4.58657E-04 -5.32013E-04  1.12715E-04 -3.47859E-04 -1.31136E-04 -2.91380E-04 -1.74278E-05  1.01543E-04  0.00000E+00  0.00000E+00 -5.87208E-04 -5.93812E-04 -6.53907E-04  5.66214E-05 -3.28025E-05  6.23068E-06  4.24898E-05 -2.28306E-06 -1.87724E-05 -9.75909E-06
 THETA14       0.00000E+00  0.00000E+00  0.00000E+00 -2.12399E-02 -1.16770E+00  1.21604E-02  1.08302E-03  0.00000E+00  1.79330E-01  1.94720E-02  1.28554E-02 -2.48856E-03 -1.61960E-03  3.86516E-02  5.92181E-02  7.81317E-02 -5.11714E-02 -3.96713E-02 -9.13228E-02  1.88589E-04 -4.09812E-05 -2.55243E-04  1.59578E-04  0.00000E+00  0.00000E+00  3.00704E-04  0.00000E+00  0.00000E+00  0.00000E+00  0.00000E+00  2.11174E-02  0.00000E+00  0.00000E+00  1.70941E-02  1.29654E-02  0.00000E+00  0.00000E+00  1.23123E-02  8.96676E-03  3.88461E-03  0.00000E+00  0.00000E+00 -1.90505E-03 -1.39150E-03 -1.85911E-03 -1.00066E-03  0.00000E+00  0.00000E+00  7.68745E-02  4.41134E-02  1.29060E-02  3.86530E-02  1.30550E-01  0.00000E+00  0.00000E+00  2.29802E-01  2.22529E-01  2.09734E-01  1.73968E-02 -1.07769E-02 -4.24438E-02  0.00000E+00  0.00000E+00  6.49219E-02  1.02877E-01  1.16989E-01 -1.22987E-02 -1.33224E-01  8.39639E-02  3.61961E-01  0.00000E+00  0.00000E+00 -8.48782E-03 -8.30203E-03 -8.91979E-03  5.24385E-04 -1.35950E-02  1.19602E-02  3.15520E-02 -1.02335E-05  0.00000E+00  0.00000E+00  4.07861E-03  4.00707E-03  4.52844E-03 -8.05077E-04  3.10024E-03  9.12168E-04  2.09539E-03  1.14581E-04 -8.25626E-04  0.00000E+00  0.00000E+00  1.35131E-03  1.99559E-03  3.17716E-03 -9.47285E-04  3.22869E-03 -8.82914E-05 -3.93959E-03  2.07576E-05  1.49693E-04 -2.35927E-05
 THETA15       0.00000E+00  0.00000E+00  0.00000E+00 -5.25479E-02 -3.96507E+00  3.98682E-02  4.60842E-03  0.00000E+00  6.55253E-01  3.42954E-02  6.43028E-02 -1.34292E-02 -6.91328E-03  5.92181E-02  5.65611E-01  2.83749E-01 -1.99102E-01 -1.48694E-01 -3.58907E-01 -5.27275E-04 -4.96397E-04  5.34974E-05  7.90702E-04  0.00000E+00  0.00000E+00  2.22498E-03  0.00000E+00  0.00000E+00  0.00000E+00  0.00000E+00  5.81177E-02  0.00000E+00  0.00000E+00  4.39893E-02  2.76095E-02  0.00000E+00  0.00000E+00  4.94886E-02  3.33498E-02  3.84815E-02  0.00000E+00  0.00000E+00 -1.23244E-02 -9.37422E-03 -1.29296E-02 -2.07866E-03  0.00000E+00  0.00000E+00  2.97574E-01  2.05078E-01  1.63725E-01  9.94745E-02  3.50429E-01  0.00000E+00  0.00000E+00  8.37190E-01  8.05241E-01  7.55143E-01  5.30726E-02 -4.81433E-02 -2.37925E-01  0.00000E+00  0.00000E+00  1.71219E-01  2.98765E-01  3.09397E-01 -5.73399E-02 -6.31563E-01 -7.31391E-02 -4.03945E-01  0.00000E+00  0.00000E+00 -4.37772E-02 -4.27370E-02 -4.64273E-02  3.55810E-03 -5.70670E-02  3.80362E-02  9.44290E-02  3.16651E-05  0.00000E+00  0.00000E+00  1.73346E-02  1.71084E-02  1.98484E-02 -4.22717E-03  1.27270E-02  5.30534E-03  1.40412E-02  7.05240E-04 -3.91285E-03  0.00000E+00  0.00000E+00  1.94322E-02  1.96458E-02  2.18656E-02 -2.42187E-03  2.28079E-02  4.25115E-03  4.32066E-04  3.54127E-04  7.33727E-04 -1.02360E-04
 THETA16       0.00000E+00  0.00000E+00  0.00000E+00 -7.65214E-02 -4.19509E+00  3.64397E-02  3.61002E-03  0.00000E+00  7.79000E-01  4.43986E-02  4.22978E-02 -1.30367E-02 -7.83203E-03  7.81317E-02  2.83749E-01  3.40162E-01 -2.21627E-01 -1.69292E-01 -4.06283E-01 -6.07181E-04 -2.89104E-04  3.38294E-04  8.66784E-04  0.00000E+00  0.00000E+00  2.75628E-03  0.00000E+00  0.00000E+00  0.00000E+00  0.00000E+00  5.79273E-02  0.00000E+00  0.00000E+00  4.38779E-02  2.75306E-02  0.00000E+00  0.00000E+00  4.92260E-02  3.29246E-02  3.98190E-02  0.00000E+00  0.00000E+00 -1.73367E-02 -1.34112E-02 -1.81555E-02 -1.44616E-03  0.00000E+00  0.00000E+00  2.62287E-01  1.66443E-01  1.07995E-01  9.99430E-02  3.42598E-01  0.00000E+00  0.00000E+00  9.13426E-01  8.83044E-01  8.27084E-01  6.76328E-02 -1.25636E-01 -2.36316E-01  0.00000E+00  0.00000E+00  2.11251E-01  3.77841E-01  4.07527E-01 -3.37526E-02 -9.54219E-01  1.44271E-01  1.14592E+00  0.00000E+00  0.00000E+00 -4.61499E-02 -4.51660E-02 -4.89422E-02  3.60690E-03 -5.65864E-02  4.49488E-02  1.17489E-01 -1.33570E-05  0.00000E+00  0.00000E+00  1.86322E-02  1.83367E-02  2.10504E-02 -4.29052E-03  1.45654E-02  5.18500E-03  1.11191E-02  6.64755E-04 -3.93693E-03  0.00000E+00  0.00000E+00  1.95288E-02  2.04106E-02  2.35007E-02 -2.72362E-03  1.12210E-02 -1.92495E-04 -1.45884E-02  1.75833E-04  7.30913E-04  1.04136E-04
 THETA17       0.00000E+00  0.00000E+00  0.00000E+00  4.33906E-02  2.62317E+00 -1.84589E-02 -2.32472E-03  0.00000E+00 -5.12844E-01 -2.87298E-02 -2.99500E-02  8.50380E-03  5.49872E-03 -5.11714E-02 -1.99102E-01 -2.21627E-01  3.95527E-01  1.50969E-01  1.24100E-01  1.40228E-04  2.88661E-04 -1.88688E-03 -6.45912E-04  0.00000E+00  0.00000E+00 -1.91646E-03  0.00000E+00  0.00000E+00  0.00000E+00  0.00000E+00 -3.65986E-02  0.00000E+00  0.00000E+00 -2.79007E-02 -1.79657E-02  0.00000E+00  0.00000E+00 -3.28409E-02 -2.32248E-02 -3.08150E-02  0.00000E+00  0.00000E+00  1.16600E-02  8.83566E-03  1.22196E-02  8.85748E-04  0.00000E+00  0.00000E+00 -1.95242E-01 -1.32627E-01 -1.00765E-01 -6.34801E-02 -6.93702E-01  0.00000E+00  0.00000E+00 -6.14386E-01 -5.95244E-01 -5.67233E-01 -4.25887E-02 -1.36810E-01  1.72465E-01  0.00000E+00  0.00000E+00 -1.11776E-01 -2.34851E-01 -2.71752E-01  2.74273E-02  1.26777E-01  1.49596E-01  8.90556E-01  0.00000E+00  0.00000E+00  3.38091E-02  3.30111E-02  3.57015E-02 -2.18084E-03  4.35805E-02 -3.01961E-02 -9.33749E-02 -3.94438E-05  0.00000E+00  0.00000E+00 -1.30132E-02 -1.28029E-02 -1.46935E-02  3.09939E-03 -1.11733E-02 -3.81393E-03 -8.26387E-03 -5.03579E-04  2.83948E-03  0.00000E+00  0.00000E+00 -1.26887E-02 -1.30870E-02 -1.50873E-02  1.84746E-03 -7.10937E-03 -1.01848E-03  1.56601E-02 -7.85457E-05 -4.98503E-04 -1.07361E-03
 THETA18       0.00000E+00  0.00000E+00  0.00000E+00  4.01893E-02  2.43139E+00 -1.65091E-02 -2.17657E-03  0.00000E+00 -3.89143E-01 -2.30186E-02 -2.37304E-02  6.12176E-03  4.04605E-03 -3.96713E-02 -1.48694E-01 -1.69292E-01  1.50969E-01  1.45115E-01  3.21628E-01  1.04043E-04  1.39604E-04 -1.81421E-04 -4.35296E-04  0.00000E+00  0.00000E+00 -1.47869E-03  0.00000E+00  0.00000E+00  0.00000E+00  0.00000E+00 -3.10134E-02  0.00000E+00  0.00000E+00 -2.45616E-02 -1.68841E-02  0.00000E+00  0.00000E+00 -2.58426E-02 -1.84264E-02 -2.05227E-02  0.00000E+00  0.00000E+00  7.54641E-03  5.61801E-03  8.17503E-03  1.20880E-03  0.00000E+00  0.00000E+00 -1.44800E-01 -9.19563E-02 -6.07664E-02 -5.36928E-02 -4.16522E-01  0.00000E+00  0.00000E+00 -4.74978E-01 -4.59914E-01 -4.32456E-01 -3.40593E-02  6.57263E-02  3.63179E-01  0.00000E+00  0.00000E+00 -9.95563E-02 -1.93932E-01 -2.17239E-01  2.15847E-02  7.21490E-01  2.40128E-01 -9.76216E-01  0.00000E+00  0.00000E+00  2.45704E-02  2.39221E-02  2.57694E-02 -1.62261E-03  3.20168E-02 -2.62296E-02 -7.42489E-02 -1.20630E-05  0.00000E+00  0.00000E+00 -9.72173E-03 -9.59293E-03 -1.09602E-02  2.24660E-03 -7.96099E-03 -2.33864E-03 -3.18947E-03 -3.56177E-04  2.04320E-03  0.00000E+00  0.00000E+00 -8.59854E-03 -9.01202E-03 -1.06542E-02  1.53612E-03 -7.05187E-03 -1.28880E-03  4.65182E-03 -9.01978E-05 -3.75799E-04 -1.23419E-04
 THETA19       0.00000E+00  0.00000E+00  0.00000E+00  1.02829E-01  6.23571E+00 -3.96388E-02 -5.48071E-03  0.00000E+00 -9.31461E-01 -5.29000E-02 -5.47561E-02  1.49328E-02  9.70569E-03 -9.13228E-02 -3.58907E-01 -4.06283E-01  1.24100E-01  3.21628E-01  1.31225E+00  8.04050E-04  2.51409E-04 -1.76289E-04 -9.93443E-04  0.00000E+00  0.00000E+00 -3.56583E-03  0.00000E+00  0.00000E+00  0.00000E+00  0.00000E+00 -7.37864E-02  0.00000E+00  0.00000E+00 -5.86723E-02 -3.98181E-02  0.00000E+00  0.00000E+00 -6.32560E-02 -4.49441E-02 -5.22592E-02  0.00000E+00  0.00000E+00  1.84263E-02  1.34707E-02  2.03390E-02  2.87406E-03  0.00000E+00  0.00000E+00 -3.43564E-01 -2.17675E-01 -1.39232E-01 -1.30686E-01 -9.54290E-01  0.00000E+00  0.00000E+00 -1.15817E+00 -1.12102E+00 -1.05161E+00 -8.37157E-02  3.62670E-01  6.05169E-01  0.00000E+00  0.00000E+00 -2.77508E-01 -5.01231E-01 -5.83986E-01  6.17487E-02  2.72939E+00 -5.66772E-01 -7.27865E+00  0.00000E+00  0.00000E+00  5.99831E-02  5.84360E-02  6.24680E-02 -3.96724E-03  6.53049E-02 -6.70080E-02 -1.61571E-01 -9.92747E-06  0.00000E+00  0.00000E+00 -2.34115E-02 -2.31639E-02 -2.64981E-02  5.44494E-03 -1.90929E-02 -4.24561E-03 -3.54599E-03 -7.66763E-04  4.85037E-03  0.00000E+00  0.00000E+00 -2.17641E-02 -2.26368E-02 -2.63021E-02  3.59278E-03 -8.29853E-03 -2.19022E-03  4.82902E-03 -5.54843E-04 -8.97545E-04 -9.16242E-05
 THETA20       0.00000E+00  0.00000E+00  0.00000E+00  2.32451E-04 -5.12444E-03  1.95196E-04  1.94027E-05  0.00000E+00 -1.74376E-03  2.00325E-04  1.97051E-04  6.45100E-05  3.17133E-05  1.88589E-04 -5.27275E-04 -6.07181E-04  1.40228E-04  1.04043E-04  8.04050E-04  3.66835E-04  1.46263E-06 -2.30775E-05 -5.33012E-06  0.00000E+00  0.00000E+00 -2.00540E-05  0.00000E+00  0.00000E+00  0.00000E+00  0.00000E+00  4.04947E-04  0.00000E+00  0.00000E+00  3.92329E-04  4.21231E-04  0.00000E+00  0.00000E+00 -3.78590E-05  3.61008E-05 -4.64802E-04  0.00000E+00  0.00000E+00  1.94836E-04  1.60092E-04  2.29676E-04 -5.74497E-05  0.00000E+00  0.00000E+00  2.41911E-04  1.01674E-04 -7.94897E-04  8.05888E-04  3.89887E-03  0.00000E+00  0.00000E+00 -6.39255E-04 -5.67840E-04 -6.38727E-04  1.15743E-04  1.80777E-03 -1.53389E-03  0.00000E+00  0.00000E+00  4.36923E-04  7.48649E-06 -7.26055E-04  5.92825E-04 -4.72558E-03 -8.24415E-03 -4.45153E-03  0.00000E+00  0.00000E+00  2.28212E-04  2.32329E-04  2.67552E-04 -2.84470E-05  1.52981E-05 -4.06702E-05 -1.19208E-04  3.61722E-05  0.00000E+00  0.00000E+00 -4.84955E-05 -4.85965E-05 -6.18446E-05  1.66856E-05 -3.69535E-05 -1.47197E-05  6.11582E-05 -2.29901E-06  1.20413E-05  0.00000E+00  0.00000E+00 -2.53555E-04 -2.37301E-04 -2.26799E-04 -1.59238E-05  8.21776E-05  3.21075E-06 -3.66359E-04 -1.75641E-06 -2.47783E-06 -2.39208E-06
 THETA21       0.00000E+00  0.00000E+00  0.00000E+00  6.44360E-05  4.60804E-04  3.00199E-05 -2.60876E-06  0.00000E+00 -6.41388E-04 -1.52929E-05 -4.54270E-05  1.39754E-05  9.80798E-06 -4.09812E-05 -4.96397E-04 -2.89104E-04  2.88661E-04  1.39604E-04  2.51409E-04  1.46263E-06  1.24707E-05 -3.88694E-06 -1.03823E-06  0.00000E+00  0.00000E+00 -9.55218E-06  0.00000E+00  0.00000E+00  0.00000E+00  0.00000E+00 -8.33187E-05  0.00000E+00  0.00000E+00 -5.14683E-05 -1.65421E-05  0.00000E+00  0.00000E+00 -7.95538E-05 -4.29455E-05 -7.75528E-05  0.00000E+00  0.00000E+00  4.25436E-05  3.28858E-05  3.52942E-05  1.03280E-06  0.00000E+00  0.00000E+00 -7.44086E-04 -6.72331E-04 -6.61218E-04  2.31668E-05 -2.62296E-03  0.00000E+00  0.00000E+00 -1.16654E-03 -1.11262E-03 -1.00701E-03 -7.97434E-05 -3.54358E-04  5.00018E-04  0.00000E+00  0.00000E+00  3.17774E-04  1.85986E-04  4.23844E-04 -1.21461E-04  2.17508E-03  2.68975E-03  1.14236E-02  0.00000E+00  0.00000E+00  1.02171E-04  9.82116E-05  1.06115E-04 -8.38207E-06  9.68147E-05 -2.72168E-05 -2.26892E-05 -1.20469E-06  0.00000E+00  0.00000E+00 -4.77320E-05 -4.85129E-05 -6.79086E-05  1.93250E-05  1.85624E-05 -5.38245E-05 -2.93083E-04 -4.33603E-06  2.32457E-05  0.00000E+00  0.00000E+00 -5.12279E-05 -5.00142E-05 -5.20256E-05  1.55111E-06  1.39860E-05  1.24584E-05  4.13864E-05 -5.99102E-07 -4.37570E-06 -1.83317E-06
 THETA22       0.00000E+00  0.00000E+00  0.00000E+00  3.25621E-05  4.09622E-03 -7.44297E-05 -2.45345E-05  0.00000E+00  1.06759E-03 -1.96934E-04 -1.85812E-04 -3.38087E-05 -2.89629E-05 -2.55243E-04  5.34974E-05  3.38294E-04 -1.88688E-03 -1.81421E-04 -1.76289E-04 -2.30775E-05 -3.88694E-06  2.41575E-04  6.07959E-06  0.00000E+00  0.00000E+00  2.04715E-05  0.00000E+00  0.00000E+00  0.00000E+00  0.00000E+00 -3.09827E-04  0.00000E+00  0.00000E+00 -3.15509E-04 -3.36124E-04  0.00000E+00  0.00000E+00  2.87014E-05 -4.93426E-06  3.70218E-04  0.00000E+00  0.00000E+00 -1.48313E-04 -1.26288E-04 -1.67080E-04  4.88071E-05  0.00000E+00  0.00000E+00  3.73688E-05  3.96055E-04  8.87919E-04 -2.34739E-04 -2.03086E-03  0.00000E+00  0.00000E+00  5.46468E-04  5.59332E-04  3.50721E-04  2.04318E-04 -1.15146E-03 -8.72654E-04  0.00000E+00  0.00000E+00 -5.14600E-04  1.69586E-06 -3.95849E-05  1.04667E-04  5.80542E-03 -1.46542E-03 -1.06759E-02  0.00000E+00  0.00000E+00 -2.13353E-04 -2.16578E-04 -2.47199E-04  2.04850E-05 -2.12448E-05  3.98631E-06 -2.68481E-04 -6.71157E-07  0.00000E+00  0.00000E+00  4.75685E-05  4.85024E-05  6.29670E-05 -1.83096E-05  3.77484E-05  2.47987E-05  9.10177E-05  2.44287E-06 -1.45392E-05  0.00000E+00  0.00000E+00  2.14999E-04  2.02129E-04  2.05664E-04  3.21229E-06 -9.90016E-04 -1.80664E-05  2.63843E-04  3.65104E-06 -1.38267E-06  1.35401E-04
 SIGMA(1,1)    0.00000E+00  0.00000E+00  0.00000E+00 -1.87265E-04 -1.00549E-02  7.45485E-05  3.37144E-06  0.00000E+00  2.03035E-03  7.97689E-05  7.88812E-05 -3.74436E-05 -2.43321E-05  1.59578E-04  7.90702E-04  8.66784E-04 -6.45912E-04 -4.35296E-04 -9.93443E-04 -5.33012E-06 -1.03823E-06  6.07959E-06  5.30772E-06  0.00000E+00  0.00000E+00  5.59269E-06  0.00000E+00  0.00000E+00  0.00000E+00  0.00000E+00  8.84785E-05  0.00000E+00  0.00000E+00  5.21579E-05  5.00154E-06  0.00000E+00  0.00000E+00  1.29710E-04  7.64526E-05  1.60250E-04  0.00000E+00  0.00000E+00 -6.97717E-05 -5.56129E-05 -7.42711E-05  3.03037E-06  0.00000E+00  0.00000E+00  6.06468E-04  4.17351E-04  3.77840E-04  1.70782E-04  8.83773E-04  0.00000E+00  0.00000E+00  2.31826E-03  2.23389E-03  2.09172E-03  1.88427E-04 -3.39332E-04 -6.91845E-04  0.00000E+00  0.00000E+00  5.11317E-04  9.57788E-04  9.99443E-04 -5.38214E-05 -3.24202E-03  2.87852E-05  1.26857E-03  0.00000E+00  0.00000E+00 -1.45650E-04 -1.43716E-04 -1.57695E-04  1.26365E-05 -1.45290E-04  1.17591E-04  3.09736E-04 -2.04900E-07  0.00000E+00  0.00000E+00  5.31668E-05  5.24720E-05  6.10665E-05 -1.30257E-05  3.86058E-05  1.48314E-05  3.27369E-05  1.74505E-06 -1.15887E-05  0.00000E+00  0.00000E+00  8.80807E-05  8.76482E-05  9.55715E-05 -5.77677E-06 -8.89100E-06 -9.06383E-06  7.67688E-07  1.17541E-06  2.15015E-06  1.64667E-06
 SIGMA(2,1)    0.00000E+00  0.00000E+00  0.00000E+00  0.00000E+00  0.00000E+00  0.00000E+00  0.00000E+00  0.00000E+00  0.00000E+00  0.00000E+00  0.00000E+00  0.00000E+00  0.00000E+00  0.00000E+00  0.00000E+00  0.00000E+00  0.00000E+00  0.00000E+00  0.00000E+00  0.00000E+00  0.00000E+00  0.00000E+00  0.00000E+00  0.00000E+00  0.00000E+00  0.00000E+00  0.00000E+00  0.00000E+00  0.00000E+00  0.00000E+00  0.00000E+00  0.00000E+00  0.00000E+00  0.00000E+00  0.00000E+00  0.00000E+00  0.00000E+00  0.00000E+00  0.00000E+00  0.00000E+00  0.00000E+00  0.00000E+00  0.00000E+00  0.00000E+00  0.00000E+00  0.00000E+00  0.00000E+00  0.00000E+00  0.00000E+00  0.00000E+00  0.00000E+00  0.00000E+00  0.00000E+00  0.00000E+00  0.00000E+00  0.00000E+00  0.00000E+00  0.00000E+00  0.00000E+00  0.00000E+00  0.00000E+00  0.00000E+00  0.00000E+00  0.00000E+00  0.00000E+00  0.00000E+00  0.00000E+00  0.00000E+00  0.00000E+00  0.00000E+00  0.00000E+00  0.00000E+00  0.00000E+00  0.00000E+00  0.00000E+00  0.00000E+00  0.00000E+00  0.00000E+00  0.00000E+00  0.00000E+00  0.00000E+00  0.00000E+00  0.00000E+00  0.00000E+00  0.00000E+00  0.00000E+00  0.00000E+00  0.00000E+00  0.00000E+00  0.00000E+00  0.00000E+00  0.00000E+00  0.00000E+00  0.00000E+00  0.00000E+00  0.00000E+00  0.00000E+00  0.00000E+00  0.00000E+00  0.00000E+00  0.00000E+00  0.00000E+00  0.00000E+00
 SIGMA(2,2)    0.00000E+00  0.00000E+00  0.00000E+00  0.00000E+00  0.00000E+00  0.00000E+00  0.00000E+00  0.00000E+00  0.00000E+00  0.00000E+00  0.00000E+00  0.00000E+00  0.00000E+00  0.00000E+00  0.00000E+00  0.00000E+00  0.00000E+00  0.00000E+00  0.00000E+00  0.00000E+00  0.00000E+00  0.00000E+00  0.00000E+00  0.00000E+00  0.00000E+00  0.00000E+00  0.00000E+00  0.00000E+00  0.00000E+00  0.00000E+00  0.00000E+00  0.00000E+00  0.00000E+00  0.00000E+00  0.00000E+00  0.00000E+00  0.00000E+00  0.00000E+00  0.00000E+00  0.00000E+00  0.00000E+00  0.00000E+00  0.00000E+00  0.00000E+00  0.00000E+00  0.00000E+00  0.00000E+00  0.00000E+00  0.00000E+00  0.00000E+00  0.00000E+00  0.00000E+00  0.00000E+00  0.00000E+00  0.00000E+00  0.00000E+00  0.00000E+00  0.00000E+00  0.00000E+00  0.00000E+00  0.00000E+00  0.00000E+00  0.00000E+00  0.00000E+00  0.00000E+00  0.00000E+00  0.00000E+00  0.00000E+00  0.00000E+00  0.00000E+00  0.00000E+00  0.00000E+00  0.00000E+00  0.00000E+00  0.00000E+00  0.00000E+00  0.00000E+00  0.00000E+00  0.00000E+00  0.00000E+00  0.00000E+00  0.00000E+00  0.00000E+00  0.00000E+00  0.00000E+00  0.00000E+00  0.00000E+00  0.00000E+00  0.00000E+00  0.00000E+00  0.00000E+00  0.00000E+00  0.00000E+00  0.00000E+00  0.00000E+00  0.00000E+00  0.00000E+00  0.00000E+00  0.00000E+00  0.00000E+00  0.00000E+00  0.00000E+00  0.00000E+00
 OMEGA(1,1)    0.00000E+00  0.00000E+00  0.00000E+00 -2.33209E-04 -2.17889E-02  1.81321E-04  1.17601E-05  0.00000E+00  6.54650E-03  1.16487E-04  1.56772E-04 -1.56109E-04 -6.42087E-05  3.00704E-04  2.22498E-03  2.75628E-03 -1.91646E-03 -1.47869E-03 -3.56583E-03 -2.00540E-05 -9.55218E-06  2.04715E-05  5.59269E-06  0.00000E+00  0.00000E+00  1.27718E-04  0.00000E+00  0.00000E+00  0.00000E+00  0.00000E+00  1.85474E-04  0.00000E+00  0.00000E+00  9.35660E-05 -5.10195E-05  0.00000E+00  0.00000E+00  4.03333E-04  2.33642E-04  5.90942E-04  0.00000E+00  0.00000E+00 -2.70848E-04 -2.22359E-04 -2.83820E-04  2.30371E-05  0.00000E+00  0.00000E+00  2.33973E-03  1.73516E-03  1.98303E-03  4.01681E-04  3.18195E-03  0.00000E+00  0.00000E+00  7.21215E-03  6.90342E-03  6.52886E-03  4.97502E-04 -1.33049E-03 -2.62739E-03  0.00000E+00  0.00000E+00 -2.99783E-05  1.74373E-03  2.10588E-03 -5.92167E-04 -1.61644E-02 -4.35926E-03  7.43989E-03  0.00000E+00  0.00000E+00 -5.23003E-04 -5.17818E-04 -5.72502E-04  4.76151E-05 -4.50203E-04  3.65335E-04  9.54037E-04  7.34124E-07  0.00000E+00  0.00000E+00  1.88987E-04  1.88737E-04  2.25714E-04 -5.41423E-05  7.87618E-05  6.01094E-05  2.04610E-04  9.04585E-06 -4.86008E-05  0.00000E+00  0.00000E+00  3.28482E-04  3.19856E-04  3.36992E-04 -1.24529E-05  9.43975E-05 -1.31755E-05 -2.05453E-04  2.39517E-06  9.23713E-06  3.78110E-06
 OMEGA(2,1)    0.00000E+00  0.00000E+00  0.00000E+00  0.00000E+00  0.00000E+00  0.00000E+00  0.00000E+00  0.00000E+00  0.00000E+00  0.00000E+00  0.00000E+00  0.00000E+00  0.00000E+00  0.00000E+00  0.00000E+00  0.00000E+00  0.00000E+00  0.00000E+00  0.00000E+00  0.00000E+00  0.00000E+00  0.00000E+00  0.00000E+00  0.00000E+00  0.00000E+00  0.00000E+00  0.00000E+00  0.00000E+00  0.00000E+00  0.00000E+00  0.00000E+00  0.00000E+00  0.00000E+00  0.00000E+00  0.00000E+00  0.00000E+00  0.00000E+00  0.00000E+00  0.00000E+00  0.00000E+00  0.00000E+00  0.00000E+00  0.00000E+00  0.00000E+00  0.00000E+00  0.00000E+00  0.00000E+00  0.00000E+00  0.00000E+00  0.00000E+00  0.00000E+00  0.00000E+00  0.00000E+00  0.00000E+00  0.00000E+00  0.00000E+00  0.00000E+00  0.00000E+00  0.00000E+00  0.00000E+00  0.00000E+00  0.00000E+00  0.00000E+00  0.00000E+00  0.00000E+00  0.00000E+00  0.00000E+00  0.00000E+00  0.00000E+00  0.00000E+00  0.00000E+00  0.00000E+00  0.00000E+00  0.00000E+00  0.00000E+00  0.00000E+00  0.00000E+00  0.00000E+00  0.00000E+00  0.00000E+00  0.00000E+00  0.00000E+00  0.00000E+00  0.00000E+00  0.00000E+00  0.00000E+00  0.00000E+00  0.00000E+00  0.00000E+00  0.00000E+00  0.00000E+00  0.00000E+00  0.00000E+00  0.00000E+00  0.00000E+00  0.00000E+00  0.00000E+00  0.00000E+00  0.00000E+00  0.00000E+00  0.00000E+00  0.00000E+00  0.00000E+00
 OMEGA(2,2)    0.00000E+00  0.00000E+00  0.00000E+00  0.00000E+00  0.00000E+00  0.00000E+00  0.00000E+00  0.00000E+00  0.00000E+00  0.00000E+00  0.00000E+00  0.00000E+00  0.00000E+00  0.00000E+00  0.00000E+00  0.00000E+00  0.00000E+00  0.00000E+00  0.00000E+00  0.00000E+00  0.00000E+00  0.00000E+00  0.00000E+00  0.00000E+00  0.00000E+00  0.00000E+00  0.00000E+00  0.00000E+00  0.00000E+00  0.00000E+00  0.00000E+00  0.00000E+00  0.00000E+00  0.00000E+00  0.00000E+00  0.00000E+00  0.00000E+00  0.00000E+00  0.00000E+00  0.00000E+00  0.00000E+00  0.00000E+00  0.00000E+00  0.00000E+00  0.00000E+00  0.00000E+00  0.00000E+00  0.00000E+00  0.00000E+00  0.00000E+00  0.00000E+00  0.00000E+00  0.00000E+00  0.00000E+00  0.00000E+00  0.00000E+00  0.00000E+00  0.00000E+00  0.00000E+00  0.00000E+00  0.00000E+00  0.00000E+00  0.00000E+00  0.00000E+00  0.00000E+00  0.00000E+00  0.00000E+00  0.00000E+00  0.00000E+00  0.00000E+00  0.00000E+00  0.00000E+00  0.00000E+00  0.00000E+00  0.00000E+00  0.00000E+00  0.00000E+00  0.00000E+00  0.00000E+00  0.00000E+00  0.00000E+00  0.00000E+00  0.00000E+00  0.00000E+00  0.00000E+00  0.00000E+00  0.00000E+00  0.00000E+00  0.00000E+00  0.00000E+00  0.00000E+00  0.00000E+00  0.00000E+00  0.00000E+00  0.00000E+00  0.00000E+00  0.00000E+00  0.00000E+00  0.00000E+00  0.00000E+00  0.00000E+00  0.00000E+00  0.00000E+00
