TABLE NO.     1: First Order Conditional Estimation with Interaction: Problem=1 Subproblem=0 Superproblem1=0 Iteration1=0 Superproblem2=0 Iteration2=0
 NAME         THETA1       THETA2       THETA3       THETA4       THETA5       THETA6       THETA7       THETA8       THETA9       THETA10      THETA11      THETA12      THETA13      THETA14      SIGMA(1,1)   OMEGA(1,1)   OMEGA(2,1)   OMEGA(2,2)   OMEGA(3,1)   OMEGA(3,2)   OMEGA(3,3)   OMEGA(4,1)   OMEGA(4,2)   OMEGA(4,3)   OMEGA(4,4)   OMEGA(5,1)   OMEGA(5,2)   OMEGA(5,3)   OMEGA(5,4)   OMEGA(5,5)
 THETA1        0.00000E+00  0.00000E+00  0.00000E+00  0.00000E+00  0.00000E+00  0.00000E+00  0.00000E+00  0.00000E+00  0.00000E+00  0.00000E+00  0.00000E+00  0.00000E+00  0.00000E+00  0.00000E+00  0.00000E+00  0.00000E+00  0.00000E+00  0.00000E+00  0.00000E+00  0.00000E+00  0.00000E+00  0.00000E+00  0.00000E+00  0.00000E+00  0.00000E+00  0.00000E+00  0.00000E+00  0.00000E+00  0.00000E+00  0.00000E+00
 THETA2        0.00000E+00  0.00000E+00  0.00000E+00  0.00000E+00  0.00000E+00  0.00000E+00  0.00000E+00  0.00000E+00  0.00000E+00  0.00000E+00  0.00000E+00  0.00000E+00  0.00000E+00  0.00000E+00  0.00000E+00  0.00000E+00  0.00000E+00  0.00000E+00  0.00000E+00  0.00000E+00  0.00000E+00  0.00000E+00  0.00000E+00  0.00000E+00  0.00000E+00  0.00000E+00  0.00000E+00  0.00000E+00  0.00000E+00  0.00000E+00
 THETA3        0.00000E+00  0.00000E+00  0.00000E+00  0.00000E+00  0.00000E+00  0.00000E+00  0.00000E+00  0.00000E+00  0.00000E+00  0.00000E+00  0.00000E+00  0.00000E+00  0.00000E+00  0.00000E+00  0.00000E+00  0.00000E+00  0.00000E+00  0.00000E+00  0.00000E+00  0.00000E+00  0.00000E+00  0.00000E+00  0.00000E+00  0.00000E+00  0.00000E+00  0.00000E+00  0.00000E+00  0.00000E+00  0.00000E+00  0.00000E+00
 THETA4        0.00000E+00  0.00000E+00  0.00000E+00  1.33199E-01  2.15917E+00 -8.77648E-03 -1.61211E-04 -8.40122E-03 -2.10689E-03 -3.01198E-04 -2.33633E-04  5.01348E-04  1.61256E-02  8.61056E-03  1.08048E-05  3.39087E-06  0.00000E+00 -2.41747E-04  0.00000E+00  0.00000E+00  1.49458E-04  0.00000E+00  0.00000E+00  0.00000E+00 -1.07532E-04  0.00000E+00  0.00000E+00  0.00000E+00  0.00000E+00 -1.65235E-04
 THETA5        0.00000E+00  0.00000E+00  0.00000E+00  2.15917E+00  6.72373E+01 -6.16512E-01 -2.08782E-02 -8.66857E-03  2.09559E-02  5.12181E-02 -4.89975E-04  1.02523E-02  6.50518E-01  1.29636E-01  4.99708E-04  3.56095E-04  0.00000E+00 -5.26941E-03  0.00000E+00  0.00000E+00  3.26598E-03  0.00000E+00  0.00000E+00  0.00000E+00  8.42254E-04  0.00000E+00  0.00000E+00  0.00000E+00  0.00000E+00 -3.45023E-03
 THETA6        0.00000E+00  0.00000E+00  0.00000E+00 -8.77648E-03 -6.16512E-01  2.27882E-02  4.90979E-04 -1.94454E-04 -9.93995E-05 -3.11947E-04 -1.34747E-04 -4.66904E-05 -3.45266E-03  1.01087E-04 -7.04600E-07 -3.34090E-05  0.00000E+00  7.59535E-05  0.00000E+00  0.00000E+00 -2.88795E-05  0.00000E+00  0.00000E+00  0.00000E+00 -2.45948E-04  0.00000E+00  0.00000E+00  0.00000E+00  0.00000E+00  1.07239E-04
 THETA7        0.00000E+00  0.00000E+00  0.00000E+00 -1.61211E-04 -2.08782E-02  4.90979E-04  5.48352E-05  2.41294E-05 -9.45219E-07  5.98398E-06 -2.88875E-06 -3.95292E-06  1.27065E-04  2.29905E-06  3.16584E-07 -2.62601E-06  0.00000E+00 -3.08430E-06  0.00000E+00  0.00000E+00  6.28553E-06  0.00000E+00  0.00000E+00  0.00000E+00 -6.06823E-06  0.00000E+00  0.00000E+00  0.00000E+00  0.00000E+00  1.33816E-05
 THETA8        0.00000E+00  0.00000E+00  0.00000E+00 -8.40122E-03 -8.66857E-03 -1.94454E-04  2.41294E-05  2.46780E-02  3.76257E-04  4.47605E-04 -6.54836E-05 -2.58129E-04  1.43034E-03  3.71310E-05 -8.89544E-06 -1.52054E-06  0.00000E+00  7.75044E-05  0.00000E+00  0.00000E+00 -3.87375E-05  0.00000E+00  0.00000E+00  0.00000E+00  9.73853E-06  0.00000E+00  0.00000E+00  0.00000E+00  0.00000E+00  7.59343E-05
 THETA9        0.00000E+00  0.00000E+00  0.00000E+00 -2.10689E-03  2.09559E-02 -9.93995E-05 -9.45219E-07  3.76257E-04  1.44064E-03  1.28865E-04 -2.52938E-05  4.11908E-05  5.37559E-04 -1.40638E-04  3.20465E-07 -4.95204E-07  0.00000E+00  2.30249E-05  0.00000E+00  0.00000E+00  1.77959E-05  0.00000E+00  0.00000E+00  0.00000E+00 -5.48497E-05  0.00000E+00  0.00000E+00  0.00000E+00  0.00000E+00  4.54621E-05
 THETA10       0.00000E+00  0.00000E+00  0.00000E+00 -3.01198E-04  5.12181E-02 -3.11947E-04  5.98398E-06  4.47605E-04  1.28865E-04  2.90201E-03 -2.13653E-05 -3.31834E-05  2.11362E-02 -1.79749E-06  7.23340E-07  3.14278E-06  0.00000E+00  7.74147E-05  0.00000E+00  0.00000E+00 -4.71156E-05  0.00000E+00  0.00000E+00  0.00000E+00  1.09987E-05  0.00000E+00  0.00000E+00  0.00000E+00  0.00000E+00  4.22735E-06
 THETA11       0.00000E+00  0.00000E+00  0.00000E+00 -2.33633E-04 -4.89975E-04 -1.34747E-04 -2.88875E-06 -6.54836E-05 -2.52938E-05 -2.13653E-05  9.14144E-05 -2.17775E-06 -1.29652E-04  4.82195E-06 -6.34768E-07  9.45791E-07  0.00000E+00 -1.34304E-06  0.00000E+00  0.00000E+00 -2.58979E-06  0.00000E+00  0.00000E+00  0.00000E+00  2.32469E-05  0.00000E+00  0.00000E+00  0.00000E+00  0.00000E+00  1.81164E-06
 THETA12       0.00000E+00  0.00000E+00  0.00000E+00  5.01348E-04  1.02523E-02 -4.66904E-05 -3.95292E-06 -2.58129E-04  4.11908E-05 -3.31834E-05 -2.17775E-06  1.00090E-04 -3.64459E-04 -7.70594E-06  7.42900E-07 -2.85250E-06  0.00000E+00 -1.15189E-06  0.00000E+00  0.00000E+00  7.29325E-06  0.00000E+00  0.00000E+00  0.00000E+00 -2.72574E-06  0.00000E+00  0.00000E+00  0.00000E+00  0.00000E+00 -1.15029E-05
 THETA13       0.00000E+00  0.00000E+00  0.00000E+00  1.61256E-02  6.50518E-01 -3.45266E-03  1.27065E-04  1.43034E-03  5.37559E-04  2.11362E-02 -1.29652E-04 -3.64459E-04  2.91489E-01 -4.60015E-04  1.35004E-05  3.37118E-05  0.00000E+00  1.28320E-03  0.00000E+00  0.00000E+00 -5.28889E-04  0.00000E+00  0.00000E+00  0.00000E+00  2.87168E-04  0.00000E+00  0.00000E+00  0.00000E+00  0.00000E+00  4.82355E-05
 THETA14       0.00000E+00  0.00000E+00  0.00000E+00  8.61056E-03  1.29636E-01  1.01087E-04  2.29905E-06  3.71310E-05 -1.40638E-04 -1.79749E-06  4.82195E-06 -7.70594E-06 -4.60015E-04  1.36746E-03 -6.71751E-07 -8.54541E-07  0.00000E+00  1.25198E-06  0.00000E+00  0.00000E+00  5.91127E-06  0.00000E+00  0.00000E+00  0.00000E+00 -1.42920E-05  0.00000E+00  0.00000E+00  0.00000E+00  0.00000E+00 -2.54144E-05
 SIGMA(1,1)    0.00000E+00  0.00000E+00  0.00000E+00  1.08048E-05  4.99708E-04 -7.04600E-07  3.16584E-07 -8.89544E-06  3.20465E-07  7.23340E-07 -6.34768E-07  7.42900E-07  1.35004E-05 -6.71751E-07  1.03966E-06 -1.42904E-06  0.00000E+00 -1.42761E-06  0.00000E+00  0.00000E+00  1.14630E-07  0.00000E+00  0.00000E+00  0.00000E+00 -1.24962E-06  0.00000E+00  0.00000E+00  0.00000E+00  0.00000E+00 -2.94960E-07
 OMEGA(1,1)    0.00000E+00  0.00000E+00  0.00000E+00  3.39087E-06  3.56095E-04 -3.34090E-05 -2.62601E-06 -1.52054E-06 -4.95204E-07  3.14278E-06  9.45791E-07 -2.85250E-06  3.37118E-05 -8.54541E-07 -1.42904E-06  9.75778E-06  0.00000E+00  3.71214E-06  0.00000E+00  0.00000E+00 -1.83117E-07  0.00000E+00  0.00000E+00  0.00000E+00  1.90211E-06  0.00000E+00  0.00000E+00  0.00000E+00  0.00000E+00  4.19045E-07
 OMEGA(2,1)    0.00000E+00  0.00000E+00  0.00000E+00  0.00000E+00  0.00000E+00  0.00000E+00  0.00000E+00  0.00000E+00  0.00000E+00  0.00000E+00  0.00000E+00  0.00000E+00  0.00000E+00  0.00000E+00  0.00000E+00  0.00000E+00  0.00000E+00  0.00000E+00  0.00000E+00  0.00000E+00  0.00000E+00  0.00000E+00  0.00000E+00  0.00000E+00  0.00000E+00  0.00000E+00  0.00000E+00  0.00000E+00  0.00000E+00  0.00000E+00
 OMEGA(2,2)    0.00000E+00  0.00000E+00  0.00000E+00 -2.41747E-04 -5.26941E-03  7.59535E-05 -3.08430E-06  7.75044E-05  2.30249E-05  7.74147E-05 -1.34304E-06 -1.15189E-06  1.28320E-03  1.25198E-06 -1.42761E-06  3.71214E-06  0.00000E+00  3.96802E-04  0.00000E+00  0.00000E+00 -1.58883E-04  0.00000E+00  0.00000E+00  0.00000E+00  1.07888E-04  0.00000E+00  0.00000E+00  0.00000E+00  0.00000E+00 -6.43574E-06
 OMEGA(3,1)    0.00000E+00  0.00000E+00  0.00000E+00  0.00000E+00  0.00000E+00  0.00000E+00  0.00000E+00  0.00000E+00  0.00000E+00  0.00000E+00  0.00000E+00  0.00000E+00  0.00000E+00  0.00000E+00  0.00000E+00  0.00000E+00  0.00000E+00  0.00000E+00  0.00000E+00  0.00000E+00  0.00000E+00  0.00000E+00  0.00000E+00  0.00000E+00  0.00000E+00  0.00000E+00  0.00000E+00  0.00000E+00  0.00000E+00  0.00000E+00
 OMEGA(3,2)    0.00000E+00  0.00000E+00  0.00000E+00  0.00000E+00  0.00000E+00  0.00000E+00  0.00000E+00  0.00000E+00  0.00000E+00  0.00000E+00  0.00000E+00  0.00000E+00  0.00000E+00  0.00000E+00  0.00000E+00  0.00000E+00  0.00000E+00  0.00000E+00  0.00000E+00  0.00000E+00  0.00000E+00  0.00000E+00  0.00000E+00  0.00000E+00  0.00000E+00  0.00000E+00  0.00000E+00  0.00000E+00  0.00000E+00  0.00000E+00
 OMEGA(3,3)    0.00000E+00  0.00000E+00  0.00000E+00  1.49458E-04  3.26598E-03 -2.88795E-05  6.28553E-06 -3.87375E-05  1.77959E-05 -4.71156E-05 -2.58979E-06  7.29325E-06 -5.28889E-04  5.91127E-06  1.14630E-07 -1.83117E-07  0.00000E+00 -1.58883E-04  0.00000E+00  0.00000E+00  1.81484E-04  0.00000E+00  0.00000E+00  0.00000E+00 -1.23225E-04  0.00000E+00  0.00000E+00  0.00000E+00  0.00000E+00  1.13709E-05
 OMEGA(4,1)    0.00000E+00  0.00000E+00  0.00000E+00  0.00000E+00  0.00000E+00  0.00000E+00  0.00000E+00  0.00000E+00  0.00000E+00  0.00000E+00  0.00000E+00  0.00000E+00  0.00000E+00  0.00000E+00  0.00000E+00  0.00000E+00  0.00000E+00  0.00000E+00  0.00000E+00  0.00000E+00  0.00000E+00  0.00000E+00  0.00000E+00  0.00000E+00  0.00000E+00  0.00000E+00  0.00000E+00  0.00000E+00  0.00000E+00  0.00000E+00
 OMEGA(4,2)    0.00000E+00  0.00000E+00  0.00000E+00  0.00000E+00  0.00000E+00  0.00000E+00  0.00000E+00  0.00000E+00  0.00000E+00  0.00000E+00  0.00000E+00  0.00000E+00  0.00000E+00  0.00000E+00  0.00000E+00  0.00000E+00  0.00000E+00  0.00000E+00  0.00000E+00  0.00000E+00  0.00000E+00  0.00000E+00  0.00000E+00  0.00000E+00  0.00000E+00  0.00000E+00  0.00000E+00  0.00000E+00  0.00000E+00  0.00000E+00
 OMEGA(4,3)    0.00000E+00  0.00000E+00  0.00000E+00  0.00000E+00  0.00000E+00  0.00000E+00  0.00000E+00  0.00000E+00  0.00000E+00  0.00000E+00  0.00000E+00  0.00000E+00  0.00000E+00  0.00000E+00  0.00000E+00  0.00000E+00  0.00000E+00  0.00000E+00  0.00000E+00  0.00000E+00  0.00000E+00  0.00000E+00  0.00000E+00  0.00000E+00  0.00000E+00  0.00000E+00  0.00000E+00  0.00000E+00  0.00000E+00  0.00000E+00
 OMEGA(4,4)    0.00000E+00  0.00000E+00  0.00000E+00 -1.07532E-04  8.42254E-04 -2.45948E-04 -6.06823E-06  9.73853E-06 -5.48497E-05  1.09987E-05  2.32469E-05 -2.72574E-06  2.87168E-04 -1.42920E-05 -1.24962E-06  1.90211E-06  0.00000E+00  1.07888E-04  0.00000E+00  0.00000E+00 -1.23225E-04  0.00000E+00  0.00000E+00  0.00000E+00  2.84953E-04  0.00000E+00  0.00000E+00  0.00000E+00  0.00000E+00 -2.75769E-05
 OMEGA(5,1)    0.00000E+00  0.00000E+00  0.00000E+00  0.00000E+00  0.00000E+00  0.00000E+00  0.00000E+00  0.00000E+00  0.00000E+00  0.00000E+00  0.00000E+00  0.00000E+00  0.00000E+00  0.00000E+00  0.00000E+00  0.00000E+00  0.00000E+00  0.00000E+00  0.00000E+00  0.00000E+00  0.00000E+00  0.00000E+00  0.00000E+00  0.00000E+00  0.00000E+00  0.00000E+00  0.00000E+00  0.00000E+00  0.00000E+00  0.00000E+00
 OMEGA(5,2)    0.00000E+00  0.00000E+00  0.00000E+00  0.00000E+00  0.00000E+00  0.00000E+00  0.00000E+00  0.00000E+00  0.00000E+00  0.00000E+00  0.00000E+00  0.00000E+00  0.00000E+00  0.00000E+00  0.00000E+00  0.00000E+00  0.00000E+00  0.00000E+00  0.00000E+00  0.00000E+00  0.00000E+00  0.00000E+00  0.00000E+00  0.00000E+00  0.00000E+00  0.00000E+00  0.00000E+00  0.00000E+00  0.00000E+00  0.00000E+00
 OMEGA(5,3)    0.00000E+00  0.00000E+00  0.00000E+00  0.00000E+00  0.00000E+00  0.00000E+00  0.00000E+00  0.00000E+00  0.00000E+00  0.00000E+00  0.00000E+00  0.00000E+00  0.00000E+00  0.00000E+00  0.00000E+00  0.00000E+00  0.00000E+00  0.00000E+00  0.00000E+00  0.00000E+00  0.00000E+00  0.00000E+00  0.00000E+00  0.00000E+00  0.00000E+00  0.00000E+00  0.00000E+00  0.00000E+00  0.00000E+00  0.00000E+00
 OMEGA(5,4)    0.00000E+00  0.00000E+00  0.00000E+00  0.00000E+00  0.00000E+00  0.00000E+00  0.00000E+00  0.00000E+00  0.00000E+00  0.00000E+00  0.00000E+00  0.00000E+00  0.00000E+00  0.00000E+00  0.00000E+00  0.00000E+00  0.00000E+00  0.00000E+00  0.00000E+00  0.00000E+00  0.00000E+00  0.00000E+00  0.00000E+00  0.00000E+00  0.00000E+00  0.00000E+00  0.00000E+00  0.00000E+00  0.00000E+00  0.00000E+00
 OMEGA(5,5)    0.00000E+00  0.00000E+00  0.00000E+00 -1.65235E-04 -3.45023E-03  1.07239E-04  1.33816E-05  7.59343E-05  4.54621E-05  4.22735E-06  1.81164E-06 -1.15029E-05  4.82355E-05 -2.54144E-05 -2.94960E-07  4.19045E-07  0.00000E+00 -6.43574E-06  0.00000E+00  0.00000E+00  1.13709E-05  0.00000E+00  0.00000E+00  0.00000E+00 -2.75769E-05  0.00000E+00  0.00000E+00  0.00000E+00  0.00000E+00  1.52445E-04
