TABLE NO.     1: First Order Conditional Estimation with Interaction: Problem=1 Subproblem=0 Superproblem1=0 Iteration1=0 Superproblem2=0 Iteration2=0
 NAME         THETA1       THETA2       THETA3       THETA4       THETA5       THETA6       THETA7       THETA8       THETA9       THETA10      THETA11      THETA12      THETA13      THETA14      SIGMA(1,1)   OMEGA(1,1)   OMEGA(2,1)   OMEGA(2,2)   OMEGA(3,1)   OMEGA(3,2)   OMEGA(3,3)   OMEGA(4,1)   OMEGA(4,2)   OMEGA(4,3)   OMEGA(4,4)   OMEGA(5,1)   OMEGA(5,2)   OMEGA(5,3)   OMEGA(5,4)   OMEGA(5,5)
 THETA1        0.00000E+00  0.00000E+00  0.00000E+00  0.00000E+00  0.00000E+00  0.00000E+00  0.00000E+00  0.00000E+00  0.00000E+00  0.00000E+00  0.00000E+00  0.00000E+00  0.00000E+00  0.00000E+00  0.00000E+00  0.00000E+00  0.00000E+00  0.00000E+00  0.00000E+00  0.00000E+00  0.00000E+00  0.00000E+00  0.00000E+00  0.00000E+00  0.00000E+00  0.00000E+00  0.00000E+00  0.00000E+00  0.00000E+00  0.00000E+00
 THETA2        0.00000E+00  0.00000E+00  0.00000E+00  0.00000E+00  0.00000E+00  0.00000E+00  0.00000E+00  0.00000E+00  0.00000E+00  0.00000E+00  0.00000E+00  0.00000E+00  0.00000E+00  0.00000E+00  0.00000E+00  0.00000E+00  0.00000E+00  0.00000E+00  0.00000E+00  0.00000E+00  0.00000E+00  0.00000E+00  0.00000E+00  0.00000E+00  0.00000E+00  0.00000E+00  0.00000E+00  0.00000E+00  0.00000E+00  0.00000E+00
 THETA3        0.00000E+00  0.00000E+00  0.00000E+00  0.00000E+00  0.00000E+00  0.00000E+00  0.00000E+00  0.00000E+00  0.00000E+00  0.00000E+00  0.00000E+00  0.00000E+00  0.00000E+00  0.00000E+00  0.00000E+00  0.00000E+00  0.00000E+00  0.00000E+00  0.00000E+00  0.00000E+00  0.00000E+00  0.00000E+00  0.00000E+00  0.00000E+00  0.00000E+00  0.00000E+00  0.00000E+00  0.00000E+00  0.00000E+00  0.00000E+00
 THETA4        0.00000E+00  0.00000E+00  0.00000E+00  3.64965E-01  7.21492E-01 -1.59299E-01 -5.96505E-02 -1.46533E-01 -1.52094E-01 -1.53198E-02 -6.69539E-02  1.37307E-01  8.18377E-02  6.38003E-01  2.90348E-02  2.97430E-03  0.00000E+00 -3.32524E-02  0.00000E+00  0.00000E+00  3.03983E-02  0.00000E+00  0.00000E+00  0.00000E+00 -1.74542E-02  0.00000E+00  0.00000E+00  0.00000E+00  0.00000E+00 -3.66686E-02
 THETA5        0.00000E+00  0.00000E+00  0.00000E+00  7.21492E-01  8.19984E+00 -4.98060E-01 -3.43842E-01 -6.72956E-03  6.73323E-02  1.15949E-01 -6.24973E-03  1.24975E-01  1.46941E-01  4.27525E-01  5.97674E-02  1.39023E-02  0.00000E+00 -3.22604E-02  0.00000E+00  0.00000E+00  2.95657E-02  0.00000E+00  0.00000E+00  0.00000E+00  6.08486E-03  0.00000E+00  0.00000E+00  0.00000E+00  0.00000E+00 -3.40789E-02
 THETA6        0.00000E+00  0.00000E+00  0.00000E+00 -1.59299E-01 -4.98060E-01  1.50958E-01  4.39216E-01 -8.19986E-03 -1.73481E-02 -3.83598E-02 -9.33590E-02 -3.09156E-02 -4.23631E-02  1.81085E-02 -4.57763E-03 -7.08488E-02  0.00000E+00  2.52584E-02  0.00000E+00  0.00000E+00 -1.42009E-02  0.00000E+00  0.00000E+00  0.00000E+00 -9.65163E-02  0.00000E+00  0.00000E+00  0.00000E+00  0.00000E+00  5.75363E-02
 THETA7        0.00000E+00  0.00000E+00  0.00000E+00 -5.96505E-02 -3.43842E-01  4.39216E-01  7.40508E-03  2.07426E-02 -3.36299E-03  1.50007E-02 -4.08012E-02 -5.33573E-02  3.17824E-02  8.39579E-03  4.19288E-02 -1.13525E-01  0.00000E+00 -2.09094E-02  0.00000E+00  0.00000E+00  6.30075E-02  0.00000E+00  0.00000E+00  0.00000E+00 -4.85451E-02  0.00000E+00  0.00000E+00  0.00000E+00  0.00000E+00  1.46359E-01
 THETA8        0.00000E+00  0.00000E+00  0.00000E+00 -1.46533E-01 -6.72956E-03 -8.19986E-03  2.07426E-02  1.57092E-01  6.31033E-02  5.28921E-02 -4.35984E-02 -1.64243E-01  1.68645E-02  6.39181E-03 -5.55348E-02 -3.09861E-03  0.00000E+00  2.47676E-02  0.00000E+00  0.00000E+00 -1.83045E-02  0.00000E+00  0.00000E+00  0.00000E+00  3.67241E-03  0.00000E+00  0.00000E+00  0.00000E+00  0.00000E+00  3.91494E-02
 THETA9        0.00000E+00  0.00000E+00  0.00000E+00 -1.52094E-01  6.73323E-02 -1.73481E-02 -3.36299E-03  6.31033E-02  3.79557E-02  6.30245E-02 -6.96994E-02  1.08475E-01  2.62324E-02 -1.00200E-01  8.28051E-03 -4.17668E-03  0.00000E+00  3.04532E-02  0.00000E+00  0.00000E+00  3.48036E-02  0.00000E+00  0.00000E+00  0.00000E+00 -8.56072E-02  0.00000E+00  0.00000E+00  0.00000E+00  0.00000E+00  9.70095E-02
 THETA10       0.00000E+00  0.00000E+00  0.00000E+00 -1.53198E-02  1.15949E-01 -3.83598E-02  1.50007E-02  5.28921E-02  6.30245E-02  5.38703E-02 -4.14813E-02 -6.15712E-02  7.26720E-01 -9.02320E-04  1.31688E-02  1.86762E-02  0.00000E+00  7.21419E-02  0.00000E+00  0.00000E+00 -6.49226E-02  0.00000E+00  0.00000E+00  0.00000E+00  1.20950E-02  0.00000E+00  0.00000E+00  0.00000E+00  0.00000E+00  6.35567E-03
 THETA11       0.00000E+00  0.00000E+00  0.00000E+00 -6.69539E-02 -6.24973E-03 -9.33590E-02 -4.08012E-02 -4.35984E-02 -6.96994E-02 -4.14813E-02  9.56109E-03 -2.27671E-02 -2.51166E-02  1.36382E-02 -6.51120E-02  3.16674E-02  0.00000E+00 -7.05172E-03  0.00000E+00  0.00000E+00 -2.01066E-02  0.00000E+00  0.00000E+00  0.00000E+00  1.44036E-01  0.00000E+00  0.00000E+00  0.00000E+00  0.00000E+00  1.53465E-02
 THETA12       0.00000E+00  0.00000E+00  0.00000E+00  1.37307E-01  1.24975E-01 -3.09156E-02 -5.33573E-02 -1.64243E-01  1.08475E-01 -6.15712E-02 -2.27671E-02  1.00045E-02 -6.74751E-02 -2.08292E-02  7.28264E-02 -9.12757E-02  0.00000E+00 -5.78001E-03  0.00000E+00  0.00000E+00  5.41137E-02  0.00000E+00  0.00000E+00  0.00000E+00 -1.61400E-02  0.00000E+00  0.00000E+00  0.00000E+00  0.00000E+00 -9.31228E-02
 THETA13       0.00000E+00  0.00000E+00  0.00000E+00  8.18377E-02  1.46941E-01 -4.23631E-02  3.17824E-02  1.68645E-02  2.62324E-02  7.26720E-01 -2.51166E-02 -6.74751E-02  5.39897E-01 -2.30411E-02  2.45239E-02  1.99892E-02  0.00000E+00  1.19316E-01  0.00000E+00  0.00000E+00 -7.27167E-02  0.00000E+00  0.00000E+00  0.00000E+00  3.15092E-02  0.00000E+00  0.00000E+00  0.00000E+00  0.00000E+00  7.23600E-03
 THETA14       0.00000E+00  0.00000E+00  0.00000E+00  6.38003E-01  4.27525E-01  1.81085E-02  8.39579E-03  6.39181E-03 -1.00200E-01 -9.02320E-04  1.36382E-02 -2.08292E-02 -2.30411E-02  3.69792E-02 -1.78157E-02 -7.39775E-03  0.00000E+00  1.69962E-03  0.00000E+00  0.00000E+00  1.18660E-02  0.00000E+00  0.00000E+00  0.00000E+00 -2.28953E-02  0.00000E+00  0.00000E+00  0.00000E+00  0.00000E+00 -5.56628E-02
 SIGMA(1,1)    0.00000E+00  0.00000E+00  0.00000E+00  2.90348E-02  5.97674E-02 -4.57763E-03  4.19288E-02 -5.55348E-02  8.28051E-03  1.31688E-02 -6.51120E-02  7.28264E-02  2.45239E-02 -1.78157E-02  1.01964E-03 -4.48664E-01  0.00000E+00 -7.02871E-02  0.00000E+00  0.00000E+00  8.34511E-03  0.00000E+00  0.00000E+00  0.00000E+00 -7.26011E-02  0.00000E+00  0.00000E+00  0.00000E+00  0.00000E+00 -2.34293E-02
 OMEGA(1,1)    0.00000E+00  0.00000E+00  0.00000E+00  2.97430E-03  1.39023E-02 -7.08488E-02 -1.13525E-01 -3.09861E-03 -4.17668E-03  1.86762E-02  3.16674E-02 -9.12757E-02  1.99892E-02 -7.39775E-03 -4.48664E-01  3.12374E-03  0.00000E+00  5.96570E-02  0.00000E+00  0.00000E+00 -4.35145E-03  0.00000E+00  0.00000E+00  0.00000E+00  3.60723E-02  0.00000E+00  0.00000E+00  0.00000E+00  0.00000E+00  1.08649E-02
 OMEGA(2,1)    0.00000E+00  0.00000E+00  0.00000E+00  0.00000E+00  0.00000E+00  0.00000E+00  0.00000E+00  0.00000E+00  0.00000E+00  0.00000E+00  0.00000E+00  0.00000E+00  0.00000E+00  0.00000E+00  0.00000E+00  0.00000E+00  0.00000E+00  0.00000E+00  0.00000E+00  0.00000E+00  0.00000E+00  0.00000E+00  0.00000E+00  0.00000E+00  0.00000E+00  0.00000E+00  0.00000E+00  0.00000E+00  0.00000E+00  0.00000E+00
 OMEGA(2,2)    0.00000E+00  0.00000E+00  0.00000E+00 -3.32524E-02 -3.22604E-02  2.52584E-02 -2.09094E-02  2.47676E-02  3.04532E-02  7.21419E-02 -7.05172E-03 -5.78001E-03  1.19316E-01  1.69962E-03 -7.02871E-02  5.96570E-02  0.00000E+00  1.99199E-02  0.00000E+00  0.00000E+00 -5.92067E-01  0.00000E+00  0.00000E+00  0.00000E+00  3.20847E-01  0.00000E+00  0.00000E+00  0.00000E+00  0.00000E+00 -2.61670E-02
 OMEGA(3,1)    0.00000E+00  0.00000E+00  0.00000E+00  0.00000E+00  0.00000E+00  0.00000E+00  0.00000E+00  0.00000E+00  0.00000E+00  0.00000E+00  0.00000E+00  0.00000E+00  0.00000E+00  0.00000E+00  0.00000E+00  0.00000E+00  0.00000E+00  0.00000E+00  0.00000E+00  0.00000E+00  0.00000E+00  0.00000E+00  0.00000E+00  0.00000E+00  0.00000E+00  0.00000E+00  0.00000E+00  0.00000E+00  0.00000E+00  0.00000E+00
 OMEGA(3,2)    0.00000E+00  0.00000E+00  0.00000E+00  0.00000E+00  0.00000E+00  0.00000E+00  0.00000E+00  0.00000E+00  0.00000E+00  0.00000E+00  0.00000E+00  0.00000E+00  0.00000E+00  0.00000E+00  0.00000E+00  0.00000E+00  0.00000E+00  0.00000E+00  0.00000E+00  0.00000E+00  0.00000E+00  0.00000E+00  0.00000E+00  0.00000E+00  0.00000E+00  0.00000E+00  0.00000E+00  0.00000E+00  0.00000E+00  0.00000E+00
 OMEGA(3,3)    0.00000E+00  0.00000E+00  0.00000E+00  3.03983E-02  2.95657E-02 -1.42009E-02  6.30075E-02 -1.83045E-02  3.48036E-02 -6.49226E-02 -2.01066E-02  5.41137E-02 -7.27167E-02  1.18660E-02  8.34511E-03 -4.35145E-03  0.00000E+00 -5.92067E-01  0.00000E+00  0.00000E+00  1.34716E-02  0.00000E+00  0.00000E+00  0.00000E+00 -5.41867E-01  0.00000E+00  0.00000E+00  0.00000E+00  0.00000E+00  6.83626E-02
 OMEGA(4,1)    0.00000E+00  0.00000E+00  0.00000E+00  0.00000E+00  0.00000E+00  0.00000E+00  0.00000E+00  0.00000E+00  0.00000E+00  0.00000E+00  0.00000E+00  0.00000E+00  0.00000E+00  0.00000E+00  0.00000E+00  0.00000E+00  0.00000E+00  0.00000E+00  0.00000E+00  0.00000E+00  0.00000E+00  0.00000E+00  0.00000E+00  0.00000E+00  0.00000E+00  0.00000E+00  0.00000E+00  0.00000E+00  0.00000E+00  0.00000E+00
 OMEGA(4,2)    0.00000E+00  0.00000E+00  0.00000E+00  0.00000E+00  0.00000E+00  0.00000E+00  0.00000E+00  0.00000E+00  0.00000E+00  0.00000E+00  0.00000E+00  0.00000E+00  0.00000E+00  0.00000E+00  0.00000E+00  0.00000E+00  0.00000E+00  0.00000E+00  0.00000E+00  0.00000E+00  0.00000E+00  0.00000E+00  0.00000E+00  0.00000E+00  0.00000E+00  0.00000E+00  0.00000E+00  0.00000E+00  0.00000E+00  0.00000E+00
 OMEGA(4,3)    0.00000E+00  0.00000E+00  0.00000E+00  0.00000E+00  0.00000E+00  0.00000E+00  0.00000E+00  0.00000E+00  0.00000E+00  0.00000E+00  0.00000E+00  0.00000E+00  0.00000E+00  0.00000E+00  0.00000E+00  0.00000E+00  0.00000E+00  0.00000E+00  0.00000E+00  0.00000E+00  0.00000E+00  0.00000E+00  0.00000E+00  0.00000E+00  0.00000E+00  0.00000E+00  0.00000E+00  0.00000E+00  0.00000E+00  0.00000E+00
 OMEGA(4,4)    0.00000E+00  0.00000E+00  0.00000E+00 -1.74542E-02  6.08486E-03 -9.65163E-02 -4.85451E-02  3.67241E-03 -8.56072E-02  1.20950E-02  1.44036E-01 -1.61400E-02  3.15092E-02 -2.28953E-02 -7.26011E-02  3.60723E-02  0.00000E+00  3.20847E-01  0.00000E+00  0.00000E+00 -5.41867E-01  0.00000E+00  0.00000E+00  0.00000E+00  1.68806E-02  0.00000E+00  0.00000E+00  0.00000E+00  0.00000E+00 -1.32313E-01
 OMEGA(5,1)    0.00000E+00  0.00000E+00  0.00000E+00  0.00000E+00  0.00000E+00  0.00000E+00  0.00000E+00  0.00000E+00  0.00000E+00  0.00000E+00  0.00000E+00  0.00000E+00  0.00000E+00  0.00000E+00  0.00000E+00  0.00000E+00  0.00000E+00  0.00000E+00  0.00000E+00  0.00000E+00  0.00000E+00  0.00000E+00  0.00000E+00  0.00000E+00  0.00000E+00  0.00000E+00  0.00000E+00  0.00000E+00  0.00000E+00  0.00000E+00
 OMEGA(5,2)    0.00000E+00  0.00000E+00  0.00000E+00  0.00000E+00  0.00000E+00  0.00000E+00  0.00000E+00  0.00000E+00  0.00000E+00  0.00000E+00  0.00000E+00  0.00000E+00  0.00000E+00  0.00000E+00  0.00000E+00  0.00000E+00  0.00000E+00  0.00000E+00  0.00000E+00  0.00000E+00  0.00000E+00  0.00000E+00  0.00000E+00  0.00000E+00  0.00000E+00  0.00000E+00  0.00000E+00  0.00000E+00  0.00000E+00  0.00000E+00
 OMEGA(5,3)    0.00000E+00  0.00000E+00  0.00000E+00  0.00000E+00  0.00000E+00  0.00000E+00  0.00000E+00  0.00000E+00  0.00000E+00  0.00000E+00  0.00000E+00  0.00000E+00  0.00000E+00  0.00000E+00  0.00000E+00  0.00000E+00  0.00000E+00  0.00000E+00  0.00000E+00  0.00000E+00  0.00000E+00  0.00000E+00  0.00000E+00  0.00000E+00  0.00000E+00  0.00000E+00  0.00000E+00  0.00000E+00  0.00000E+00  0.00000E+00
 OMEGA(5,4)    0.00000E+00  0.00000E+00  0.00000E+00  0.00000E+00  0.00000E+00  0.00000E+00  0.00000E+00  0.00000E+00  0.00000E+00  0.00000E+00  0.00000E+00  0.00000E+00  0.00000E+00  0.00000E+00  0.00000E+00  0.00000E+00  0.00000E+00  0.00000E+00  0.00000E+00  0.00000E+00  0.00000E+00  0.00000E+00  0.00000E+00  0.00000E+00  0.00000E+00  0.00000E+00  0.00000E+00  0.00000E+00  0.00000E+00  0.00000E+00
 OMEGA(5,5)    0.00000E+00  0.00000E+00  0.00000E+00 -3.66686E-02 -3.40789E-02  5.75363E-02  1.46359E-01  3.91494E-02  9.70095E-02  6.35567E-03  1.53465E-02 -9.31228E-02  7.23600E-03 -5.56628E-02 -2.34293E-02  1.08649E-02  0.00000E+00 -2.61670E-02  0.00000E+00  0.00000E+00  6.83626E-02  0.00000E+00  0.00000E+00  0.00000E+00 -1.32313E-01  0.00000E+00  0.00000E+00  0.00000E+00  0.00000E+00  1.23469E-02
